37	0	74	-3	28	0	37	46	8	0
56	1	80	-5	56	13	24	23	0	0
45	-1	79	0	46	11	33	32	0	0
49	0	106	0	50	10	57	57	0	0
47	1	88	2	46	0	41	41	0	0
45	-1	81	-6	44	-12	36	37	2	0
49	2	87	0	50	22	38	38	0	0
37	5	77	0	36	0	40	41	2	0
43	1	76	0	42	-7	32	34	2	0
44	0	80	-7	44	17	36	36	0	0
56	0	92	0	54	4	36	38	2	0
37	0	77	0	28	8	41	49	8	0
80	-2	84	0	-42	0	5	128	124	3
46	2	93	0	46	1	48	47	0	0
38	0	77	-2	38	0	39	38	0	0
53	-2	83	0	54	13	30	29	0	0
37	0	108	0	34	13	71	75	4	0
41	-5	77	0	38	-26	36	38	2	0
55	0	78	0	8	17	23	70	48	2
45	-4	100	0	44	0	55	56	2	0
55	-2	77	0	16	-6	22	62	40	2
49	2	81	0	50	19	33	32	0	0
37	0	95	0	8	-11		87	30	0
43	0	84	1	42	-1	41	43	2	0
41	0	87	1	38	-14	46	48	2	0
38	3	83	0	38	0	44	44	0	0
56	0	86	0	56	16	30	29	0	0
55	-3	83	-1	54	0	28	28	0	0
53	0	77	0	54	1	23	23	0	0
37	0	81	0	36	-4	44	45	2	0
37	0	76	0	30	12	40	45	6	0
49	0	88	0	50	18	39	39	0	0
46	1	87	0	46	21	41	41	0	0
56	0	95	-4	50	0	39	46	6	2
55	4	74	-16	-2	5	19	76		2
46	1	86	3	46	0	40	39	0	0
48	0	82	8	46	0	34	35	2	0
42	5	88	0	42	0	45	46	2	0
39	5	77	0	38	0	39	39	0	0
53	0	82	1	54	14	29	28	0	0
56	0	98	0	46	9	42	51	10	2
38	2	81	0	38	5	43	42	0	0
37	0	77	0	8	11	40	69	30	0
38	0	79	-1	38	5	41	40	0	0
45	0	84	-1	44	0	39	40	0	0
37	0	76	1	36	0	40	40	0	0
41	0	86	8	42	20	46	45	0	0
37	0	76	0	36	3	38	39	2	0
37	0	100	0	30	-9	64	69	6	0
        2	84	0	56	0	26	27	2	0
37	0	99	-2	28	0	61	70	8	0
45	-2	77	0	44	0	32	33	2	0
37	0	76	3	26	16	39	50	12	0
37	0	83	0	28	-29	46	54	8	0
55	0	79	0	12	-11	23	66	42	2
52	0	86	0	52	-14	33	34	0	0
39	4	80	-7	38	0	41	41	0	0
51	0	80	0	52	8	29	28	0	0
79	0	83	0	-30	-11	4	114	110	3
51	0	81	2	50	-10	30	32	2	0
48	5	86	0	46	0	38	39	2	0
56	4	78	0	16	-2	22	63	40	2
41	0	80	0	42	4	39	39	0	0
50	0	87	2	50	0	37	38	2	0
54	-3	86	-3	54	-4	32	32	0	0
37	0	106	0	28	-15	68	77	8	0
53	3	86	-1	52	-12	33	34	2	0
55	0	95	0	52	8	40	44	4	2
45	0	78	0	46	11	33	32	0	0
37	0	104	0	24	14	67	80	14	0
45	-2	76	0	44	-17	31	32	2	0
51	0	86	0	50	-7	36	37	2	0
81	0	84	0	-12	30	3	97	94	3
82	0	86	0	-40	2	5	128	124	3
55	0	95	0	44	-17	40	51	12	2
44	3	76	0	44	22	32	32	0	0
37	0	76	-1	24	-2	39	53	14	0
43	0	77	5	42	0	35	36	2	0
37	0	77	0	8	-19	41	70	28	0
46	0	86	-5	46	0	40	39	0	0
37	0	79	3	2	1	42	76	34	0
47	1	84	-5	46	0	37	38	0	0
37	-3	100	0	38	18	63	62	0	0
56	0	86	8	56	0	30	30	0	0
46	-1	79	2	46	0	34	33	0	0
46	1	86	-3	46	0	40	40	0	0
42	-4	79	0	42	0	37	38	0	0
79	0	83	0	-30	6	4	114	110	3
41	0	81	7	38	-9	40	42	2	0
44	1	86	8	44	10	43	42	0	0
37	0	77	0	6	-4	40	72	32	0
37	0	80	0	20	-10	43	59	16	0
50	0	88	0	50	0	39	39	0	0
44	-2	81	0	44	7	37	37	0	0
55	-3	79	0	26	0	23	53	30	2
41	1	81	0	42	11	39	39	0	0
59	0	84	0	56	-4	25	27	2	0
37	0	78	0	16	-16	42	63	22	0
55	-1	96	-3	54	-4	41	42	2	0
38	0	93	0	30	5	55	62	8	0
51	0	86	0	52	29	36	35	0	0
44	-1	82	0	44	5	38	38	0	0
55	0	95	0	38	-23	40	57	16	2
47	-4	100	0	46	0	53	54	0	0
38	0	92	0	20	-6	54	71	18	0
37	0	81	0	-4	-24	44	86	42	0
41	0	77	0	38	-4	37	39	2	0
45	0	83	-1	46	23	37	36	0	0
80	1	84	0	-38	0	4	123	118	3
42	3	82	0	42	0	39	41	2	0
37	0	76	0	20	12	39	55	16	0
56	2	78	2	44	0	22	34	12	2
37	0	105	-2	18	11	68	87	18	0
37	0	77	8	28	21	41	49	8	0
55	0	95	0	44	6	40	51	12	2
51	0	84	1	52	0	33	33	0	0
52	0	85	-1	52	0	33	33	0	0
41	0	83	0	42	24	42	42	0	0
37	0	80	0	28	12	43	52	8	0
55	0	79	-2	26	-5	23	53	30	2
50	-4	77	1	50	0	28	28	0	0
49	1	84	0	46	-22	35	37	2	0
41	-2	82	0	42	10	41	41	0	0
37	3	75	7	34	0	37	41	4	0
41	0	82	-6	42	28	41	41	0	0
51	0	88	3	52	5	36	36	0	0
37	0	104	0	16	-9	67	88	22	0
55	0	78	1	16	-20	23	63	40	2
82	0	86	-1	-10	3	3	96	92	3
56	-1	84	0	56	4	28	27	0	0
44	0	83	4	44	0	38	39	0	0
55	0	77	-1	-10	0	21	87	66	2
45	1	81	0	44	-1	36	37	2	0
41	-3	86	0	38	-22	45	47	2	0
48	2	95	0	46	0	47	49	2	0
59	0	86	-3	60	18	27	26	0	0
45	0	82	-59	44	0	37	38	0	0
39	-5	90	1	6	0	52	85	34	0
38	0	102	-3	34	0	65	69	4	0
45	0	80	-2	44	0	35	36	0	0
49	0	88	4	50	20	39	39	0	0
39	-1	83	1	38	0	44	44	0	0
38	0	93	0	28	-3	55	64	10	0
55	0	79	0	2	-26	23	76	52	2
48	2	88	6	46	0	40	41	2	0
45	5	90	0	44	0	44	46	2	0
53	-2	78	0	54	0	25	24	0	0
55	0	77	0	28	3	21	48	28	2
48	2	77	0	46	0	28	30	2	0
38	1	77	0	38	8	39	38	0	0
55	0	96	2	42	-3	41	55	14	2
37	0	76	4	30	21	40	45	6	0
45	1	79	0	44	-14	33	35	2	0
48	1	77	-4	46	0	29	30	2	0
41	0	79	0	42	14	38	37	0	0
56	1	96	0	42	29	40	55	14	2
37	0	78	0	26	1	41	52	12	0
48	0	86	-7	46	0	37	39	2	0
53	2	87	0	52	0	34	35	2	0
56	0	76	0	-14	-16	20	92	72	2
41	0	75	0	42	5	34	34	0	0
51	2	79	0	52	19	27	27	0	0
55	0	79	0	26	19	23	53	30	2
50	-4	86	0	50	0	35	37	2	0
53	0	87	4	54	12	34	33	0	0
47	0	86	0	46	-1	39	39	0	0
46	0	77	0	44	-28	31	33	2	0
46	4	107	-2	46	1	61	60	0	0
50	0	81	0	50	0	31	32	0	0
49	1	88	0	46	-7	39	41	2	0
44	0	85	2	44	0	41	41	0	0
37	0	83	1	8	-1	47	75	28	0
46	0	85	0	46	21	39	39	0	0
45	1	86	0	46	28	41	40	0	0
56	-2	81	0	56	5	25	24	0	0
50	-1	89	-7	50	0	39	40	2	0
37	0	76	0	30	31	39	45	6	0
42	2	78	0	42	0	36	37	0	0
48	0	83	-2	46	-4	35	37	2	0
55	0	92	0	30	-12	37	61	24	2
55	0	77	0	-2	-20	21	79		2
45	3	86	0	44	-4	41	42	2	0
37	0	104	0	26	24	66	78	12	0
45	0	86	-2	44	-12	40	42	2	0
42	-3	88	0	42	0	46	46	0	0
37	0	77	0	10	-6	40	66	26	0
53	2	81	0	52	-15	28	29	2	0
56	3	97	0	52	0	41	45	4	2
46	0	82	6	46	1	36	35	0	0
53	0	87	0	52	-3	34	35	2	0
37	0	95	0	8	-3		87	30	0
55	0	97	4	46	0	41	50	8	2
37	-4	107	0	36	0	70	71	0	0
41	-3	76	0	38	-22	35	37	2	0
56	0	87	0	56	10	31	30	0	0
37	-3	80	0	20	1	43	59	16	0
46	2	79	0	44	-24	33	35	2	0
41	3	93	0	42	16	52	52	0	0
55	0	95	0	44	-12	40	51	12	2
46	-1	77	0	46	5	31	30	0	0
37	0	97	-2	30	0	60	66	6	0
37	0	81	0	28	0	44	52	8	0
53	0	83	0	52	-5	30	32	2	0
40	0	86	0	38	-1	45	47	2	0
41	0	81	0	42	5	40	40	0	0
56	0	77	0	18	30	22	59	38	2
40	-4	77	0	38	0	36	38	2	0
40	-2	78	0	38	0	38	39	2	0
46	1	102	0	46	6	57	56	0	0
37	0	77	0	26	1	40	51	12	0
56	0	97	-1	46	0	41	51	10	2
37	0	79	0	10	8	42	68	26	0
42	0	86	8	42	0	44	45	0	0
48	0	78	0	50	22	30	29	0	0
47	1	86	1	46	0	40	40	0	0
37	0	80	0	0	20	43	80	36	0
41	0	76	0	42	18	35	34	0	0
46	2	82	0	46	0	36	35	0	0
38	5	106	1	36	-3	68	70	2	0
37	0	82	8	-2	4	45	85	40	0
37	0	83	0	6	5	46	78	32	0
41	1	78	0	42	12	37	37	0	0
39	-1	77	0	38	-1	37	38	0	0
55	0	96	0	44	-13	41	52	12	2
41	0	76	0	42	16	35	35	0	0
46	0	85	0	46	2	39	39	0	0
52	4	79	6	52	0	27	27	0	0
37	0	76	0	30	-22	39	45	6	0
53	0	82	3	52	-20	29	30	2	0
45	0	86	5	44	-2	40	42	2	0
37	0	82	0	18	-3	45	64	18	0
45	-1	81	0	44	-22	35	37	2	0
49	5	106	0	50	13	56	57	0	0
49	0	87	2	50	11	38	38	0	0
56	0	77	0	46	2	22	31	10	2
56	0	97	0	42	-10	41	55	14	2
38	2	83	0	36	-21	45	46	2	0
43	0	77	0	44	18	34	34	0	0
47	1	95	3	46	0	48	49	0	0
55	0	77	0	24	11	22	54	32	2
45	4	77	0	44	0	31	33	2	0
48	0	82	0	50	27	34	33	0	0
50	-4	88	0	50	0	37	39	2	0
45	1	90	0	44	0	45	46	2	0
37	0	75	-2	20	-6	38	54	16	0
56	0	96	-5	50	0	40	47	6	2
79	0	83	0	-30	14	4	114	110	3
38	4	76	0	38	11	38	37	0	0
41	0	75	0	38	-30	34	36	2	0
47	5	77	0	46	0	30	31	0	0
38	0	106	0	38	11	68	67	0	0
42	1	86	0	42	0	43	44	2	0
48	0	88	0	50	31	40	39	0	0
53	3	86	0	54	2	33	32	0	0
39	0	85	5	38	0	46	46	0	0
81	0	86	4	-40	4	5	127	122	3
43	0	88	-5	44	13	44	44	0	0
49	5	77	0	50	2	28	28	0	0
37	0	77	0	-20	-9	41	98		0
43	0	86	-6	42	0	43	44	2	0
49	-1	88	0	50	1	40	39	0	0
37	0	76	0	30	22	40	45	6	0
53	3	104	0	54	5	50	49	0	0
53	-4	86	0	54	15	33	32	0	0
55	0	93	0	10	-18	37	82	46	2
55	0	92	0	28	0	36	63	28	2
42	0	78	-7	42	0	36	37	2	0
37	0	79	0	20	31	42		16	0
37	0	77	1	26	11	40	51	12	0
41	1	75	0	38	-6	34	36	2	0
46	0	100	-2	46	0	54	53	0	0
55	0	81	-7	54	248	26	27	2	0
37	-2	79	0	36	0	42	43	0	0
55	0	93	0	2	0	38	91	52	2
41	0	77	-1	38	-30	36	38	2	0
46	0	81	0	46	20	35	34	0	0
44	-1	79	1	44	0	35	35	0	0
56	3	97	0	54	-7	40	42	2	0
37	-5	76	0	36	-23	38	39	2	0
51	0	90	0	50	-30	38	41	2	0
56	0	108	6	54	-16	52	53	2	0
37	-5	81	0	36	0	44	45	0	0
37	0	95	2	10	6	57	84	28	0
37	0	82	0	16	13	45	66	22	0
53	0	104	0	54	5	50	49	0	0
37	0	90	0	34	25	53	57	4	0
78	0	81	-2	-40	0	4	123	120	3
39	-3	107	0	38	0	68	68	0	0
41	-4	86	0	42	6	46	45	0	0
49	4	95	0	50	1	46	46	0	0
46	5	83	0	46	23	37	36	0	0
51	0	87	-6	52	0	36	35	0	0
55	0	77	0	-10	-5	21	87	66	2
45	0	84	3	44	0	39	40	2	0
55	0	77	0	-10	17	21	87	66	2
56	0	96	8	56	0	40	39	0	0
47	2	86	-1	46	0	40	40	0	0
45	0	76	7	44	-3	31	32	2	0
55	0	77	0	36	-1	22	41	20	2
37	0	79	-5	2	0	43	77	34	0
37	0	75	0	30	5	38	44	6	0
49	5	83	0	50	17	34	33	0	0
49	-5	85	0	50	0	36	36	0	0
37	0	82	0	18	-13	45	64	18	0
45	0	86	-4	44	-15	41	42	2	0
56	0	96	0	52	-11	40	44	4	2
49	4	79	1	50	1	30	30	0	0
46	0	89	4	44	-18	43	45	2	0
41	0	109	1	38	-1	68	70	2	0
45	-1	83	0	46	3	38	37	0	0
        -5	96	0	56	0	38	39	0	0
49	31	77	0	-22	0	28	101	72	0
41	0	76	0	38	-15	34	37	2	0
46	-1	100	2	46	0	54	54	0	0
50	5	86	-4	50	0	36	37	0	0
55	0	93	0	2	-19	38	91	52	2
41	0	81	0	38	-22	40	42	2	0
37	0	107	1	26	0	69	81	12	0
46	0	85	0	46	0	39	39	0	0
55	0	77	2	-24	-15	21	103	82	2
71	5	75	2	-40	16	4	116	112	3
45	1	102	0	44	0	57		2	0
37	0	97	0	28	-13	60	69	8	0
37	0	78	0	8	6	41	70	30	0
37	3	79	0	18	0	41	61	20	0
49	3	102	0	46	-16	53	55	2	0
53	0	85	0	54	23	32	31	0	0
85	0	88	-1	6	21	3	83	80	3
39	2	106	0	38	0	66	67	0	0
56	1	97	0	56	13	40	40	0	0
37	0	76	0	28	-3	40	48	8	0
45	3	93	0	46	27	48	47	0	0
41	1	83	0	42	25	42	42	0	0
39	0	77	7	38	0	38	39	0	0
39	1	93	-2	38	0	55	55	0	0
81	0	84	0	-20	3	4	105	102	3
56	0	77	0	44	-21	22	34	12	2
37	0	80	0	16	13	43	65	22	0
56	0	86	0	56	6	30	29	0	0
37	0	76	0	28	-14	39	48	8	0
49	0	82	0	50	15	33	33	0	0
37	0	74	-6	28	0	38	46	8	0
45	3	80	6	44	0	35	36	0	0
49	0	79	0	50	15	30	30	0	0
56	1	91	0	56	12	35	34	0	0
46	0	86	0	44	-19	40	42	2	0
44	0	77	0	44	6	33	33	0	0
37	0	79	2	34	9	42	46	4	0
55	0	97	0	52	27	41	45	4	2
37	0	81	0	24	0	44	57	14	0
42	4	82	0	42	0	40	41	0	0
47	0	84	7	46	0	38	38	0	0
57	4	81	0	56	0	25	24	0	0
55	0	79	0	12	7	23	66	42	2
79	0	84	3	-42	-6	4	128	124	3
55	0	78	0	6	2	23	73	50	2
37	0	78	0	26	6	41	52	12	0
55	5	77	0	54	0	22	23	0	0
41	-4	80	0	42	20	39	39	0	0
        4	81	0	56	0	23	24	2	0
47	-1	81	-4	46	-5	34	34	0	0
56	0	86	0	56	28	30	29	0	0
43	0	86	0	42	-1	42	44	2	0
56	0	97	0	52	22	41	45	4	2
49	0	88	-2	46	-7	39	41	2	0
55	0	79	-2	-4	0	24	85	60	2
37	0	95	-1	26	0		70	12	0
55	0	86	7	54	0	31	32	0	0
37	0	84	0	24	-1	47	61	14	0
37	0	94	0	16	4	57	79	22	0
46	-5	88	0	46	0	42	41	0	0
82	0	87	2	-42	-30	5	131	126	3
56	0	77	0	24	3	22	54	32	2
43	-1	89	0	42	0	46	48	2	0
37	0	80	0	18	-24	43	62	18	0
37	0	83	0	0	-27	46	83	36	0
37	0	105	0	28	0	68	77	8	0
108	0	109	0	72	5	1	36	36	3
50	0	81	-2	50	-3	32	32	0	0
55	0	78	0	16	-7	23	63	40	2
56	-5	81	0	56	3	25	24	0	0
43	-5	86	0	44	18	43	42	0	0
48	3	88	5	46	0	40	42	2	0
41	0	83	0	42	28	42	41	0	0
82	0	86	0	-2	14	3	88	84	3
53	5	80	0	52	0	27	28	2	0
37	0	77	0	-6	0	41	85	44	0
37	0	80	-7	36	0	43	44	0	0
37	0	78	0	10	4	41	68	26	0
37	0	78	0	16	15	41	63	22	0
44	3	86	0	44	7	43	42	0	0
46	0	81	0	44	-29	35	37	2	0
45	5	85	0	44	0	41	41	0	0
37	0	86	0	36	0	48	50	2	0
37	-1	79	7	16	0	42	63	22	0
48	0	78	0	46	-13	30	32	2	0
77	0	81	0	-40	6	4	123	118	3
44	2	88	0	44	7	45	44	0	0
56	0	78	-2	6	-5	22	73	50	2
55	0	91	0	56	28	35	34	0	0
44	1	76	0	42	-22	32	35	2	0
40	0	81	-6	38	0	40	42	2	0
55	-1	80	0	54	-2	25	26	2	0
56	0	98	0	44	-3	42	54	12	2
37	0	81	0	38	11	43	42	0	0
55	-3	92	0	54	-3	37	38	2	0
46	0	83	-5	46	17	37	37	0	0
37	0	105	0	34	15	68	71	4	0
        -2	86	0	56	0	29	30	0	0
56	-1	97	0	46	4	41	51	10	2
37	0	94	0	10	-14	57	84	26	0
45	-3	100	0	44	0	55	56	2	0
37	0	79	0	10	-20	42	69	26	0
41	0	75	0	38	-26	34	36	2	0
37	0	76	-2	28	-5	39	47	8	0
55	-5	78	1	44	0	23	34	12	2
62	0	109	0	60	0	48	50	2	0
37	0	77	0	12	0	41	65	24	0
55	0	98	0	54	26	42	44	2	0
53	0	88	1	52	-9	35	36	2	0
45	0	79	0	44	-19	34	35	2	0
38	5	76	0	38	7	38	37	0	0
37	0	104	0	26	-4	66	78	12	0
37	0	78	0	2	-1	41	75	34	0
55	0	76	0	-12	0	21	89	68	2
37	0	84	0	28	1	47	55	8	0
44	3	81	0	44	18	37	37	0	0
56	0	83	0	54	-11	27	29	2	0
37	0	76	3	28	0	40	48	8	0
37	0	76	0	24	-12	39	52	14	0
47	4	76	0	46	0	28	29	0	0
45	2	108	0	44	-11	62	64	2	0
55	0	77	5	-22	1	21	100	78	2
56	0	86	0	56	23	30	29	0	0
37	0	82	-1	-2	8	45	85	40	0
48	0	83	0	46	-8	34	36	2	0
46	0	76	1	46	8	30	29	0	0
44	0	76	0	44	5	31	32	0	0
37	0	79	0	28	2	42	50	8	0
38	-2	76	-1	38	0	37	37	0	0
37	0	77	0	30	-9	40	46	6	0
45	0	89	3	44	-7	44	45	2	0
56	5	95	0	42	-4	40	54	14	2
57	-4	79	0	56	0	22	22	0	0
53	3	86	0	52	-4	33	35	2	0
55	0	76	0	-14	-26	21	92	70	2
79	-1	83	-1	-40	2	4	124	120	3
37	0	79	0	20	1	42		16	0
37	0	76	0	34	-23	40	43	2	0
37	0	79	-3	36	-5	42	43	0	0
56	-2	86	0	56	0	31	30	0	0
37	0	81	4	36	-2	43	44	2	0
45	-2	87	0	44	0	42	43	2	0
47	-1	82	-1	46	0	35	35	0	0
47	-2	81	0	46	0	33	34	0	0
53	0	86	1	52	-3	33	35	2	0
42	-1	84	0	42	0	42	43	2	0
45	-5	86	0	44	0	41	42	0	0
37	0	77	0	34	-22	40	43	2	0
47	-5	81	0	46	0	35	35	0	0
37	0	97	0	36	9	59	60	2	0
56	4	82	0	56	18	26	25	0	0
38	0	77	4	38	0	39	38	0	0
37	0	83	0	2	-1	46	80	34	0
56	0	86	0	56	18	31	30	0	0
44	0	83	3	44	0	38	39	0	0
51	0	77	0	50	-10	26	28	2	0
49	1	102	0	50	12	53	53	0	0
37	0	84	0	20	-5	47	63	16	0
82	-1	86	-3	-40	0	4	128	124	3
37	0	76	0	26	-24	40	50	10	0
40	-5	82	0	38	0	42	43	2	0
43	0	76	0	44	28	32	32	0	0
56	0	79	0	8	6	24	72	48	2
37	0	75	0	24	-14	38	52	14	0
46	0	83	0	46	0	37	36	0	0
42	-3	76	0	42	0	34	35	2	0
37	0	82	1	20	9	45	61	16	0
41	0	78	6	42	0	37	37	0	0
50	0	79	-7	50	0	30	30	0	0
56	0	95	0	46	2	40	49	10	2
51	0	79	0	52	16	27	27	0	0
47	-2	88	0	46	0	41	42	0	0
84	2	86	-2	-4	0	3	92	88	3
37	0	82	0	34	5	45	48	2	0
55	0	95	0	46	-24	40	49	8	2
37	0	83	0	36	13	46	46	0	0
45	5	86	0	44	0	42	42	0	0
41	0	79	0	42	4	38	37	0	0
41	-1	80	0	42	12	39	39	0	0
56	0	92	0	56	6	35	35	0	0
80	4	84	0	-28	-13	4	112	108	3
47	-2	87	4	46	0	40	41	0	0
81	1	84	0	-14	-4	3	99	96	3
46	0	77	0	44	-24	32	34	2	0
76	-1	81	0	-42	-3	5	125	120	3
49	2	81	0	50	0	31	32	0	0
39	5	79	-4	38	0	40	41	0	0
56	0	77	0	-24	1	21	103	82	2
54	-1	83	0	54	0	29	29	0	0
106	0	107	0	72	6	1	35	34	3
38	0	86	0	38	11	48	47	0	0
45	4	81	0	46	28	36	35	0	0
55	5	78	-1	42	0	23	37	14	2
37	-1	76	-2	-2	0	39	79	40	0
53	0	77	0	54	7	23	23	0	0
76	2	81	0	-40	20	4	122	118	3
56	0	95	-4	44	0	39	51	12	2
55	0	97	4	42	0	41	55	14	2
102	-1	103	-2	72	22	1	31	30	3
53	1	86	0	54	5	32	32	0	0
59	0	86	0	60	17	28	27	0	0
55	1	77	0	44	3	22	34	12	2
56	0	80	0	54	-27	24	26	2	0
49	-1	83	0	50	9	34	34	0	0
45	3	88	0	44	-2	42	44	2	0
37	0	77	-2	28	-3	40	48	8	0
56	3	98	4	46	-12	42	51	10	2
53	-2	86	0	54	7	33	32	0	0
81	0	86	3	-40	3	5	127	122	3
46	0	83	-5	46	0	36	36	0	0
56	0	76	0	-14	10	20	92	72	2
37	-1	74	-3	28	-6	37	46	8	0
56	0	95	0	52	12	40	44	4	2
41	-2	86	0	38	-16	46	48	2	0
62	1	109	0	60	-30	47	50	2	0
44	2	75	0	42	-13	31	34	2	0
40	-3	109	0	38	0	68	70	2	0
37	0	78	0	20	-7	41	57	16	0
43	0	79	0	44	22	35	35	0	0
56	0	78	0	8	-11	22	70	48	2
44	0	77	4	44	0	33	34	0	0
41	0	82	0	38	-22	41	43	2	0
56	0	97	0	50	-18	41	48	6	2
56	0	77	0	-2	-1	21	79		2
45	0	85	0	44	128	41	41	0	0
45	0	83	8	46	20	37	36	0	0
40	0	109	1	38	0	69	71	2	0
49	2	94	0	46	-7	45	48	2	0
41	0	87	3	38	-12	46	48	2	0
37	-1	75	0	18	-18	38	57	18	0
68	0	111	0	68	0	43	44	0	0
37	0	77	0	16	-16	41	62	22	0
53	0	79	0	52	-22	26	27	2	0
55	-1	96	0	52	0	41	44	4	2
41	2	77	0	42	20	36	36	0	0
56	0	91	-1	0	0	35	91	56	2
48	0	89	3	46	-7	41	42	2	0
65	4	113	0	64	1	48	48	0	0
45	-3	83	0	44	-8	37	39	2	0
52	-1	81	0	52	-1	29	30	0	0
37	0	78	0	-6	-12	41	86	44	0
44	0	87	-7	44	0	43	43	0	0
46	0	107	0	46	0	61	60	0	0
37	0	108	0	30	-1	71	77	6	0
45	0	82	2	44	0	37	38	2	0
46	0	86	1	44	-19	41	42	2	0
56	3	88	0	54	-7	32	33	2	0
37	0	76	0	26	-4	40	50	10	0
44	0	83	0	42	-11	39	41	2	0
39	-7	90	2	6	0	51	85	34	0
50	0	78	-4	50	0	28	29	0	0
56	0	77	0	-2	12	21	79		2
51	0	88	1	50	0	37	39	2	0
46	2	87	0	46	1	41	41	0	0
37	0	104	0	26	18	66	78	12	0
51	-4	80	0	50	-9	29	31	2	0
44	0	83	4	44	1	40	39	0	0
41	0	79	0	38	-25	38	41	2	0
71	2	75	1	-42	-11	4	119	114	3
45	0	79	-1	46	7	33	32	0	0
46	0	86	0	46	14	41	40	0	0
56	0	81	0	-18	5	25	99	74	2
37	1	90	0	24	21	52	66	14	0
44	-1	76	0	44	11	32	32	0	0
56	0	95	0	46	-7	40	49	10	2
42	2	75	0	42	0	32	34	2	0
37	-1	76	0	36	-6	39	39	0	0
56	-1	95	-7	44	-4	40	51	12	2
56	4	92	0	56	17	36	35	0	0
43	-1	76	83	42	-8	33	35	2	0
37	0	104	1	26	13	67	78	12	0
56	0	76	0	-4	-22	20	81	62	2
46	0	76	0	44	-24	30	32	2	0
55	0	83	0	-28	-4	27	111	84	2
40	0	82	6	38	0	42	43	2	0
41	1	88	0	38	-30	47	50	2	0
41	5	79	0	38	-16	38	40	2	0
47	-1	82	0	46	0	35	35	0	0
56	0	97	0	54	5	40	42	2	0
83	0	87	8	-4	10	4	92	88	3
46	1	76	0	44	-25	30	32	2	0
53	1	84	0	54	0	31	30	0	0
53	0	78	0	52	-10	25	26	2	0
37	0	93	0	12	15	56	81	24	0
56	0	77	0	-4	2	21	82	62	2
79	0	83	-3	-38	0	4	122	118	3
37	4	78	0	16	2	41	63	22	0
46	0	82	0	46	-1	36	35	0	0
55	0	77	1	-30	-17	22	108	86	2
37	0	81	0	24	-14	44	57	14	0
37	0	77	0	-24	-28	40	103	62	0
55	-1	79	-3	24	-7	23	55	32	2
44	0	76	2	42	-29	32	34	2	0
81	0	85	2	-12	0	4	98	94	3
37	0	79	0	10	16	42	68	26	0
42	-1	77	0	42	0	34	35	2	0
41	0	79	0	42	9	38	38	0	0
37	0	77	0	34	-27	39	43	4	0
47	-1	85	-1	46	-1	38	39	0	0
41	0	79	2	42	5	38	38	0	0
48	2	89	0	46	0	41	42	2	0
46	0	92	4	46	0	45	45	0	0
44	0	84	0	44	11	41	41	0	0
43	0	81	3	42	-6	38	40	2	0
45	3	82	0	44	0	37	38	2	0
83	0	87	0	-40	5	4	128	124	3
50	2	88	0	50	0	39	39	0	0
86	4	89	0	8	0	3	81	78	3
53	0	86	-1	54	3	33	32	0	0
43	0	86	0	44	18	42	42	0	0
45	0	86	0	46	28	41	40	0	0
37	0	104	-5	16	-22	67	89	22	0
46	2	84	0	46	0	38	37	0	0
37	-2	79	-6	12	-16	42	66	24	0
37	0	92	-3	12	0	55	79	24	0
41	-1	100	0	42	6	59	59	0	0
39	-1	77	8	38	0	38	39	0	0
52	3	85	0	52	0	33	33	0	0
55	0	77	3	-24	0	22	103	82	2
37	4	79	0	24	14	41	55	14	0
37	0	92	4	8	3	55	84	30	0
        5	82	4	56	0	24	25	0	0
38	4	80	0	36	-6	42	44	2	0
43	0	77	-3	42	-12	34	35	2	0
78	-4	82	0	-46	0	4	128	124	3
41	-1	77	0	42	3	36	35	0	0
46	0	75	-5	46	0	29	28	0	0
55	0	78	-1	16	0	23	63	40	2
104	0	106	0	70	0	1	36	34	3
39	0	79	-1	38	-2	40	40	0	0
41	3	86	0	42	13	45	45	0	0
49	0	80	0	46	-28	31	34	2	0
37	0	83	0	-4	-12	47	88	42	0
56	0	96	2	42	0	40	55	14	2
56	0	96	0	50	-17	40	47	6	2
41	-1	84	-3	42	-1	43	43	0	0
45	0	106	0	46	9	61	60	0	0
52	3	84	0	52	0	32	33	0	0
50	0	87	-6	50	0	37	38	0	0
45	-1	81	-3	44	-14	36	37	2	0
38	0	77	0	38	10	40	39	0	0
48	0	86	2	46	0	37	39	2	0
56	0	86	0	54	-14	31	32	2	0
56	0	81	5	-22	0	25	105	80	2
40	0	109	5	38	0	69	71	2	0
37	0	93	0	12	-4	55	80	24	0
55	0	92	0	36	-1	37	56	20	2
53	0	83	0	54	6	30	29	0	0
51	0	86	0	52	0	35	35	0	0
37	0	79	0	8	-26	42	71	28	0
37	0	108	-3	34	0	71	74	4	0
56	0	77	0	16	-20	22	62	40	2
45	-4	86	0	44	-1	41	42	2	0
55	0	93	2	0	-2	38	93	56	2
55	1	81	0	54	0	26	27	0	0
38	0	92	0	18	4	54	74	20	0
80	0	84	0	-42	-6	4	128	124	3
51	5	86	0	52	25	35	34	0	0
37	0	90	0	38	20	52	51	0	0
54	8	77	0	-22	0	23	101	78	2
41	0	81	1	42	25	40	39	0	0
46	0	79	0	46	9	34	33	0	0
46	-1	83	0	46	4	37	37	0	0
107	-5	108	0	70	0	1	38	36	3
37	-1	82	-2	38	9	45	43	0	0
80	0	84	7	-38	-2	5	123	118	3
37	0	77	0	38	21	40	39	0	0
55	-5	86	-3	54	0	31	32	0	0
49	1	78	0	50	11	29	29	0	0
45	0	86	0	44	-21	40	42	2	0
47	-18	86	0	46	0	39	39	0	0
37	0	95	0	24	10		72	14	0
37	0	79	0	38	29	41	40	0	0
50	-5	101	0	50	0	52	52	0	0
56	0	107	0	56	19	51	50	0	0
46	5	79	0	46	0	33	32	0	0
37	0	80	2	34	0	43	46	2	0
41	0	100	0	42	11	59	59	0	0
49	3	77	0	46	-6	28	30	2	0
82	-2	86	-1	-40	0	5	128	124	3
41	0	76	0	38	-29	35	37	2	0
41	0	87	0	42	19	46	46	0	0
43	0	81	1	42	-9	37	39	2	0
37	1	81	0	36	-5	43	44	2	0
81	0	84	-5	-14	0	3	99	96	3
81	0	84	0	-14	-2	4	100	96	3
45	0	86	-3	44	0	40	42	2	0
45	5	108	0	44	0	63	64	2	0
49	-3	84	1	50	0	35	35	0	0
52	1	81	0	52	0	29	29	0	0
56	0	83	0	54	-10	27	28	2	0
55	-2	86	0	56	25	31	30	0	0
55	0	79	-2	20	-3	23		34	2
46	-1	79	-7	46	0	33	32	0	0
56	0	95	0	42	22	40	54	14	2
55	0	77	0	-30	-7	22	108	86	2
42	-2	79	0	42	0	37	38	0	0
42	0	77	7	42	0	35	36	2	0
44	4	86	5	44	0	42	42	0	0
48	-1	87	0	46	-2	39	41	2	0
45	0	76	-2	44	0	31	32	2	0
38	0	92	0	18	8	54	74	20	0
43	-1	82	0	42	-6	39	41	2	0
56	0	81	3	56	0	24	24	0	0
45	-4	85	0	46	8	40	39	0	0
45	0	83	6	44	-5	38	39	2	0
55	0	77	0	18	31	22	59	38	2
47	4	102	0	46	0	56	56	0	0
41	0	81	0	38	-26	39	42	2	0
50	0	87	-1	50	0	37	38	0	0
81	0	84	0	-20	17	4	105	102	3
46	0	84	-1	46	14	39	38	0	0
56	3	99	5	46	0	43	52	10	2
43	0	77	-1	42	-2	34	35	2	0
41	0	109	2	38	-4	68	70	2	0
49	3	81	0	50	19	33	32	0	0
37	1	82	0	36	0	45	46	2	0
57	-3	85	0	56	0	28	28	0	0
39	0	77	3	38	0	38	38	0	0
56	0	98	0	52	18	42	46	4	2
43	0	77	-4	44	19	34	33	0	0
66	0	109	0	68	0	43	42	0	0
83	-5	86	0	-4	-15	4	92	88	3
55	0	95	2	36	-19	40	59	20	2
40	0	79	-3	38	0	39	41	2	0
46	0	86	3	44	-24	41	42	2	0
41	4	82	0	42	10	41	41	0	0
38	0	93	0	30	11	55	62	8	0
53	0	86	1	54	2	33	32	0	0
82	0	85	-1	-2	7	3	88	84	3
48	-2	77	0	46	-2	29	31	2	0
49	0	87	0	50	9	38	38	0	0
44	0	79	0	42	-20	35	37	2	0
37	0	96	-5	18	0	59	78	18	0
46	0	86	0	44	-17	41	42	2	0
40	0	77	-6	38	0	38	39	2	0
43	0	95	-1	44	14	52	51	0	0
37	0	75	0	30	9	38	44	6	0
39	5	86	0	38	0	47	48	0	0
46	0	81	0	44	-5	35	37	2	0
        2	97	0	56	0	39	40	0	0
41	0	83	0	38	-24	41	44	2	0
51	0	88	-2	50	-10	37	39	2	0
49	0	83	0	46	-5	34	37	2	0
43	0	83	1	44	26	39	39	0	0
37	0	78	0	10	6	42	68	26	0
43	-1	87	0	42	0	44	46	2	0
50	-2	86	-5	50	0	36	37	0	0
42	-4	76	0	42	0	34	35	0	0
37	0	79	0	30	-24	43	48	6	0
84	0	88	-2	6	-7	5	83	78	3
37	0	77	0	6	7	40	72	32	0
55	0	77	-1	28	3	21	48	28	2
42	0	76	-2	42	-4	35	35	0	0
55	0	77	0	8	-4	22	70	48	2
41	0	86	0	38	-11	46	48	2	0
53	0	87	1	52	-6	34	35	2	0
50	1	83	0	50	0	33	34	0	0
37	0	75	0	38	23	37	36	0	0
49	-1	81	0	46	-24	33	35	2	0
45	0	76	8	44	0	32	32	0	0
89	-37	107	0	64	-14	18	42	24	1
37	0	76	0	36	-4	39	40	2	0
37	0	78	0	10	-7	41	68	26	0
37	0	77	0	30	14	40	46	6	0
41	3	79	0	38	-26	38	41	2	0
43	0	87	5	42	-5	44	46	2	0
51	-5	88	0	50	-13	37	39	2	0
37	0	104	0	26	-9	66	78	12	0
45	0	82	0	46	25	37	35	0	0
37	0	80	0	30	15	43	49	6	0
37	0	97	0	24	-30	60	74	14	0
38	0	78	1	38	0	40	39	0	0
49	0	107	0	46	-4		60	2	0
48	-1	95	0	46	-6	47	49	2	0
45	3	87	0	44	-2	42	43	2	0
41	1	84	0	38	-24	43	45	2	0
52	0	83	0	54	29	30	28	0	0
49	0	88	0	46	-17	40	42	2	0
55	0	98	0	52	12	42	46	4	2
51	0	84	2	50	-22	33	35	2	0
37	0	99	0	28	-6	61	70	8	0
49	-2	85	0	46	-27	36	39	2	0
41	0	88	0	42	26	48	47	0	0
39	-1	76	0	38	0	36	37	0	0
43	-2	89	0	42	-8	46	48	2	0
85	-38	107	0	64	-3	22	42	20	1
37	0	105	-6	34	0	68	71	4	0
41	0	80	0	42	20	39	39	0	0
48	0	85	7	46	0	37	39	2	0
42	0	86	-7	42	0	44	44	0	0
41	0	86	3	42	0	45	45	0	0
56	0	97	0	54	-10	41	42	2	0
39	0	79	0	38	0	39	40	0	0
37	0	76	-6	34	7	39	42	2	0
55	0	77	0	12	-20	22	65	42	2
44	4	81	8	42	-12	38	40	2	0
52	2	85	-1	52	0	33	33	0	0
40	1	76	1	38	0	35	37	2	0
51	-1	78	0	50	-7	27	29	2	0
37	0	76	0	20	-18	39	55	16	0
43	0	78	-2	42	0	35	37	2	0
48	0	86	5	46	0	37	39	2	0
44	4	79	0	42	-26	35	37	2	0
44	-3	83	5	44	0	38	39	0	0
37	0	76	737	20	0	40	55	16	0
82	0	86	-2	-40	1	4	128	124	3
44	0	86	5	44	6	43	42	0	0
46	0	83	-3	44	-25	37	39	2	0
55	0	77	0	-20	-18	21	97	76	2
82	3	86	0	-22	0	4	109	106	3
49	-2	85	0	46	-20	36	39	2	0
56	-2	95	0	46	0	40	49	10	2
37	0	97	0	26	-20	60	71	12	0
40	-3	79	0	38	0	39	41	2	0
37	2	100	3	28	0	62	71	8	0
49	-2	83	0	50	7	34	34	0	0
41	0	84	0	38	0	44	46	2	0
56	0	77	0	46	23	22	31	10	2
53	0	87	-3	52	-6	34	35	2	0
43	4	89	1	42	0	46	48	2	0
79	0	83	0	-42	-81	4	127	124	3
45	0	87	3	44	-17	42	43	2	0
37	0	75	0	36	-2	37	39	2	0
47	-2	85	-2	46	-4	38	39	0	0
55	0	87	2	54	0	32	33	2	0
41	-1	83	4	38	-3	42	44	2	0
37	0	77	0	18	13	40	59	18	0
40	-5	84	0	38	0	45	46	2	0
37	0	83	0	0	8	46	83	36	0
55	0	82	-5	-32	-17	26	115	90	2
38	0	90	0	8	0	52	82	30	0
37	0	104	0	20	2	67	84	16	0
37	0	93	-7	12	0	56	81	24	0
41	0	81	2	42	2	39	39	0	0
54	2	78	0	54	0	24	24	0	0
37	0	83	0	8	6	46	75	30	0
37	0	76	0	18	-4	40		18	0
46	1	87	1	46	0	41	41	0	0
53	0	102	0	52	-19	49	50	2	0
55	0	95	0	50	-5	40	46	6	2
81	0	84	0	-18	22	4	103	98	3
50	-1	83	0	50	0	33	34	2	0
55	0	93	0	6	11	38	88	50	2
56	0	86	0	54	-14	30	32	2	0
41	1	76	0	42	17	35	35	0	0
41	0	86	5	42	0	45	45	0	0
38	1	77	3	38	0	39	38	0	0
105	-4	106	0	70	0	1	36	36	3
51	-4	86	0	52	15	36	35	0	0
46	0	109	0	44	-24	64	66	2	0
42	0	81	-4	42	0	39	40	2	0
39	4	80	0	38	0	41	41	0	0
55	-4	81	0	-22	-8	26	105	78	2
56	1	81	0	56	1	24	24	0	0
44	1	76	0	44	20	32	32	0	0
50	0	86	0	50	0	36	37	0	0
49	0	102	0	50	6	53	53	0	0
37	0	75	-5	24	0	38	52	14	0
47	-2	88	0	46	0	42	42	0	0
82	0	86	5	-6	2	4	94	90	3
37	0	76	0	34	-26	40	43	2	0
52	0	84	3	52	2	32	32	0	0
48	1	76	0	46	0	28	30	2	0
45	0	84	0	44	0	39	40	2	0
56	-1	86	0	56	9	30	29	0	0
52	0	86	8	52	0	33	34	0	0
37	0	104	-1	24	5	67	81	14	0
55	0	96	2	42	-24	41	55	14	2
47	-1	76	-4	46	-6	30	30	0	0
45	4	87	0	44	0	42	43	2	0
41	0	79	-4	42	25	38	37	0	0
43	0	75	0	42	-12	32	34	2	0
56	0	97	0	50	20	41	48	6	2
37	0	93	0	12	26	56	81	24	0
46	0	85	0	46	-1	39	39	0	0
42	0	76	-1	42	-2	34	35	0	0
56	0	81	0	-18	-6	25	99	74	2
55	1	96	0	52	0	41	44	4	2
56	4	97	-1	50	-2	40	48	8	2
37	0	78	0	-2	9	41	81	40	0
55	0	95	-6	50	0	40	46	6	2
52	-3	80	0	52	0	28	28	0	0
37	0	97	-3	18	-3	60	79	18	0
40	1	76	-1	38	0	36	37	2	0
56	0	86	0	54	-29	30	32	2	0
56	3	84	0	56	0	28	28	0	0
37	0	76	0	28	-5	40	48	8	0
45	0	88	-2	44	0	43	44	2	0
76	0	80	-2	-42	-8	4	124	120	3
37	5	105	1	18	0	68	87	20	0
55	0	82	0	-38	3	26	121	94	2
43	2	102	0	42	0	60	61	2	0
46	4	81	0	44	-17	35	37	2	0
45	-3	85	0	44	0	40	41	2	0
39	2	93	0	36	21	54	57	2	0
37	0	83	0	34	8	46	49	2	0
45	0	88	0	44	0	42	44	2	0
46	0	88	2	44	-23	42	44	2	0
37	0	79	0	24	-7	42	55	14	0
56	2	98	0	44	-9	42	54	12	2
56	0	95	0	52	0	39	43	4	2
51	0	81	0	50	-27	29	32	2	0
41	-5	86	0	42	0	45	45	0	0
        0	90	-5	56	0	32	33	2	0
55	0	81	0	56	25	25	24	0	0
56	0	99	-4	50	0	43	50	6	2
37	0	77	0	24	-4	40	54	14	0
42	0	81	0	42	66	39	40	0	0
45	0	80	0	46	3	35	34	0	0
42	0	88	5	42	0	45	46	2	0
37	0	76	-2	16	16	39	61	22	0
41	3	79	0	38	-22	38	40	2	0
80	5	84	1	-40	9	4	126	122	3
53	4	83	0	52	-7	30	31	2	0
37	0	78	0	8	25	41	70	30	0
83	0	86	0	-6	-13	3	94	90	3
47	1	93	-1	46	0	47	47	0	0
56	0	77	0	24	18	22	54	32	2
55	0	82	0	-42	-18	26	126	100	2
79	0	83	0	-46	-2	4	130	126	3
102	0	104	5	70	-2	2	34	32	3
46	0	86	0	46	3	40	39	0	0
37	0	104	-7	28	0	67	75	8	0
45	0	100	0	44	0	55	56	2	0
40	-5	79	1	38	0	38	40	2	0
55	0	81	0	54	-10	25	26	2	0
57	3	92	0	56	0	35	35	0	0
43	-1	76	0	44	24	32	32	0	0
37	0	76	-4	28	-21	39	47	8	0
59	0	87	0	56	-8	28	30	2	0
55	-1	79	-4	24	-8	23	55	32	2
41	1	77	0	38	-26	36	38	2	0
85	0	88	-5	6	2	3	83	80	3
45	-3	83	-4	44	-6	38	39	0	0
37	0	82	-3	34	0	45	48	2	0
56	0	81	0	-6	-5	25	88	64	2
37	0	78	-6	2	2	41	75	34	0
49	0	82	0	46	-2	33	35	2	0
39	0	80	1	38	0	41	41	0	0
45	-1	76	0	46	9	31	30	0	0
81	4	84	0	-14	1	3	100	96	3
37	0	77	0	24	-30	40	54	14	0
53	3	86	0	52	-20	33	34	2	0
53	5	86	0	54	5	32	32	0	0
55	-5	86	0	54	0	31	32	0	0
56	0	79	0	12	7	23	66	42	2
56	0	97	0	52	-15	41	46	4	2
37	0	81	-1	24	-7	44	57	14	0
56	0	76	0	-10	2	20	86	66	2
50	5	83	0	50	0	33	33	0	0
82	0	86	2	-6	5	4	94	90	3
56	-3	99	0	50	1	43	49	6	2
37	-1	77	0	36	-18	40	41	2	0
41	-2	77	0	42	2	36	35	0	0
55	-1	98	2	52	-13	42	46	4	2
105	0	106	-4	72	10	1	34	34	3
56	0	79	1	0	6	23	79	56	2
79	2	83	0	-40	15	4	124	120	3
56	0	97	4	44	-2	41	53	12	2
49	-3	107	0	46	-28		60	2	0
41	0	76	0	42	0	34	34	0	0
51	0	88	0	52	10	36	36	0	0
46	4	79	0	46	12	33	32	0	0
37	0	79	-5	12	26	42	66	24	0
49	0	77	0	46	-10	28	30	2	0
56	-2	96	-4	52	0	40	44	4	2
44	2	87	0	44	0	43	43	0	0
37	0	103	0	34	7	66	69	4	0
44	4	90	0	44	0	45	46	0	0
55	0	92	0	8	-27	37	84	48	2
37	0	82	0	8	0	45	74	30	0
51	-2	83	-2	50	-8	32	34	2	0
55	2	77	0	54	0	23	23	0	0
38	1	79	0	38	13	41	40	0	0
47	0	87	6	46	0	40	41	0	0
37	3	75	0	26	-1	38	49	12	0
56	0	96	-5	54	31	40	42	2	0
43	-4	79	0	42	3	36	38	2	0
46	-1	77	0	46	1	32	31	0	0
55	0	81	0	54	-3	26	27	2	0
43	0	87	0	44	22	44	43	0	0
47	4	88	0	46	0	41	41	0	0
56	4	74	0	-2	17	18	77		2
55	0	77	0	44	20	22	34	12	2
56	1	86	0	56	12	30	29	0	0
37	0	76	0	34	-15	40	43	2	0
37	-1	106	0	34	-15	68	72	4	0
55	0	79	0	20	0	24	59	34	4
