0	39	2	62	11	5	63	0	100	43	89	99	36	100	0	57	0
57	100	22	72	0	31	25	0	75	13	100	50	75	87	26	85	0
36	92	7	83	0	37	26	0	77	6	100	46	84	89	36	100	0
27	76	1	42	16	0	70	3	100	40	92	84	44	100	0	73	0
56	99	18	72	0	24	36	0	85	23	100	69	58	100	19	74	0
18	73	0	73	10	24	54	0	100	22	95	71	52	100	5	84	0
12	61	0	20	44	0	92	23	100	64	70	100	15	92	0	52	0
35	76	0	42	11	0	65	5	100	41	97	85	49	100	9	69	0
38	94	4	63	0	20	41	0	84	19	100	60	77	98	32	100	0
47	93	1	67	0	16	53	0	100	32	95	81	42	100	7	62	0
38	51	8	66	0	19	42	0	87	26	100	71	61	100	16	84	0
19	81	0	41	12	0	54	1	88	29	100	71	72	100	31	91	0
14	91	9	52	28	10	74	0	100	38	86	81	43	100	0	80	0
9	100	0	66	20	25	61	0	100	21	93	64	54	91	9	76	0
4	63	12	15	52	0	92	15	100	63	72	100	28	97	0	62	0
22	55	10	60	0	18	46	0	89	28	100	70	68	100	29	69	0
27	100	0	58	12	5	62	0	100	39	97	91	48	97	18	53	0
15	73	0	34	30	0	81	1	100	38	87	78	44	100	16	68	0
45	100	10	67	7	16	56	0	100	31	91	79	38	95	0	61	0
13	68	15	30	42	0	86	19	100	56	84	90	33	100	0	73	0
49	83	8	57	0	17	51	0	93	28	100	70	61	100	8	86	0
68	100	24	83	0	41	13	0	60	3	99	30	100	71	55	89	0
100	70	58	100	10	75	0	24	48	0	100	19	97	68	45	81	0
73	85	31	65	0	0	52	9	100	57	82	100	81	78	38	25	0
28	82	0	39	30	0	80	5	100	54	70	99	22	100	7	50	0
48	100	15	83	0	39	23	1	71	0	100	34	86	77	44	98	0
31	95	5	61	0	23	32	0	77	18	100	51	82	85	37	100	0
16	59	0	31	31	0	78	15	100	55	87	98	40	100	6	67	0
30	100	4	67	0	24	30	0	66	11	95	41	100	82	64	93	0
47	100	19	67	0	30	20	0	68	5	100	33	91	72	50	88	0
34	76	0	41	7	0	62	0	100	33	95	74	49	100	0	83	0
33	93	8	58	0	20	35	0	78	21	100	55	94	93	48	100	0
77	100	53	90	0	43	13	0	86	34	100	84	73	51	10	9	0
22	98	0	75	4	18	55	0	100	36	84	89	34	100	21	46	0
67	97	19	74	0	30	34	0	79	32	100	76	58	100	10	73	0
31	88	5	50	4	8	57	0	100	30	100	71	56	100	0	92	0
38	73	5	64	0	15	53	0	98	34	100	83	47	100	20	60	0
10	97	2	47	24	1	74	0	100	43	82	90	33	100	0	65	0
10	86	0	44	33	0	80	9	100	65	64	100	22	74	32	20	0
27	100	2	56	12	8	62	0	100	33	94	79	46	94	0	72	0
50	86	17	60	0	27	21	0	70	9	100	37	91	70	63	100	0
0	56	5	14	47	0	86	25	100	66	76	100	34	80	6	45	0
11	50	0	16	38	0	79	8	100	46	76	84	37	100	0	84	0
24	87	0	62	7	0	61	0	100	44	80	100	29	93	7	36	0
17	96	0	45	26	0	73	1	100	48	88	100	44	99	23	52	0
9	86	1	51	27	11	76	0	100	39	84	83	37	100	0	69	0
7	86	0	62	15	20	62	0	100	31	96	73	53	100	8	78	0
63	77	30	100	0	59	12	13	67	0	100	37	88	83	34	88	0
23	83	0	48	10	9	53	0	91	23	100	63	75	97	31	100	0
89	100	38	83	0	44	2	0	61	2	100	40	100	88	45	98	0
7	89	0	45	16	5	51	0	84	20	100	61	84	100	50	98	0
6	74	0	32	38	0	90	14	100	64	67	100	18	78	16	34	0
84	81	39	100	0	66	9	18	60	0	100	33	89	80	36	92	0
31	88	6	58	14	13	64	0	100	33	96	77	49	100	0	81	0
44	97	9	62	0	13	41	0	82	26	100	72	63	100	17	92	0
35	44	41	2	81	14	100	60	81	100	40	85	9	49	0	0	0
100	77	58	100	16	69	0	27	40	0	93	15	95	58	53	89	0
27	100	0	64	4	8	63	0	100	46	73	96	12	79	0	25	0
23	85	0	49	2	11	52	0	91	30	100	67	70	100	14	96	0
20	85	0	61	18	22	50	0	86	11	100	51	79	87	45	100	0
13	54	0	16	39	0	82	17	100	54	89	93	47	100	26	65	0
43	97	3	69	0	20	43	0	88	23	100	70	62	100	14	84	0
45	100	12	82	0	41	17	4	62	0	100	21	96	60	54	66	0
36	100	3	76	0	32	27	0	70	6	100	37	91	76	49	70	0
33	95	4	69	0	27	39	0	88	16	100	56	69	89	17	100	0
81	90	29	82	0	42	10	0	70	16	100	56	96	100	47	82	0
38	85	13	55	31	8	75	0	100	40	85	87	42	100	0	79	0
35	85	22	38	45	0	87	12	100	57	81	100	37	97	0	72	0
36	84	9	86	0	38	27	0	72	9	100	47	88	94	46	100	0
48	77	19	66	0	6	49	0	93	38	100	96	48	100	0	70	0
34	89	14	84	0	38	24	0	75	3	100	42	82	86	34	100	0
0	67	14	25	57	0	100	22	95	75	54	100	7	87	4	39	0
0	44	15	0	62	5	95	40	100	88	60	100	27	64	11	17	0
19	86	18	35	57	0	100	24	92	72	47	100	0	77	1	31	0
17	82	3	39	30	0	81	8	100	49	74	90	24	100	0	61	0
6	43	16	2	68	0	100	35	81	75	38	100	7	63	0	22	0
0	70	1	29	37	0	88	5	100	43	78	79	34	100	5	70	0
70	91	25	69	0	35	6	0	58	0	97	25	100	63	85	100	0
26	52	16	8	63	0	100	34	99	81	54	100	6	82	0	38	0
19	66	3	28	34	0	77	13	100	51	78	89	34	100	0	76	0
48	53	10	54	0	0	49	6	88	48	100	100	48	84	7	44	0
31	93	7	59	8	20	54	0	98	27	100	65	60	94	0	100	0
20	85	3	55	0	17	38	0	79	23	100	58	83	92	35	100	0
34	76	0	41	8	0	65	11	100	47	99	90	42	100	7	67	0
46	94	13	69	0	28	32	0	77	7	100	44	85	83	43	100	0
40	94	22	95	0	45	23	0	83	10	100	58	61	100	19	75	0
38	96	6	60	0	19	47	0	99	25	100	65	71	100	17	85	0
80	88	43	100	9	70	0	31	28	0	78	11	100	46	90	85	0
25	100	0	69	1	20	43	0	87	16	100	61	72	100	29	96	0
12	55	0	46	21	6	66	0	100	30	99	73	63	100	18	93	0
32	90	0	60	2	17	51	0	95	27	100	69	66	100	25	72	0
21	100	0	64	2	23	40	0	86	18	100	56	75	91	30	81	0
60	80	12	50	3	0	57	10	97	50	100	100	46	92	0	59	0
47	100	11	81	0	39	21	3	62	0	98	22	100	63	61	73	0
18	99	6	51	22	6	69	0	100	37	90	83	44	100	0	80	0
27	82	5	39	30	0	80	15	100	59	74	100	23	95	0	53	0
59	90	16	88	0	41	25	0	77	10	100	55	82	100	35	94	0
32	75	6	48	0	16	34	0	79	11	100	39	99	70	82	100	0
71	100	29	69	0	32	24	0	76	18	100	56	85	95	31	98	0
6	83	0	39	24	0	73	11	100	51	82	94	35	100	6	62	0
62	88	20	65	0	24	34	0	78	24	100	63	77	100	26	93	0
11	84	0	34	35	0	84	19	100	67	65	100	21	70	11	24	0
31	83	0	53	1	8	57	0	100	30	98	75	51	100	7	72	0
94	95	56	100	23	67	0	29	19	0	69	16	100	50	89	90	0
3	70	0	25	41	0	89	18	100	61	75	100	25	100	14	58	0
31	78	0	57	14	13	59	0	100	23	98	69	62	100	19	91	0
12	73	0	30	33	0	77	6	100	44	78	85	37	100	12	67	0
9	96	1	50	12	0	69	3	100	48	82	97	28	100	0	54	0
15	80	0	46	20	7	67	0	100	33	93	76	53	100	16	75	0
29	94	2	59	0	17	47	0	90	25	100	66	71	100	19	98	0
0	59	9	36	43	0	91	20	100	65	65	100	15	84	10	41	0
26	91	0	80	2	34	33	0	80	8	100	50	82	92	38	100	0
39	96	14	77	0	36	25	0	78	4	100	43	77	82	28	100	0
51	92	12	63	0	8	54	0	100	37	86	86	28	100	20	56	0
43	100	8	67	3	27	41	0	87	27	100	66	54	92	0	74	0
9	100	4	64	0	24	28	0	69	18	100	49	92	84	46	90	0
18	26	43	0	77	5	100	43	88	86	55	100	21	88	0	52	0
37	84	0	51	2	7	53	0	98	27	100	70	58	100	7	99	0
69	100	22	80	0	34	31	0	80	28	100	75	56	99	7	71	0
40	89	0	25	46	0	100	49	70	100	44	78	95	62	34	22	0
54	82	12	67	0	28	34	0	83	8	100	46	73	82	28	100	0
5	77	0	64	21	5	71	0	100	49	67	100	19	93	13	28	0
71	100	27	76	1	33	24	0	74	23	100	65	51	79	0	58	0
94	82	45	100	1	63	0	9	53	0	100	30	97	85	47	97	0
0	88	10	48	33	12	75	0	100	35	87	75	50	100	6	95	0
1	90	0	54	20	16	68	0	100	31	99	71	61	100	26	75	0
31	71	2	36	32	0	82	12	100	57	66	93	15	100	0	60	0
30	49	24	9	60	0	90	31	100	71	75	100	32	90	0	63	0
56	92	15	68	0	24	39	0	86	16	100	60	76	100	30	93	0
39	90	14	75	0	34	26	0	75	0	100	35	82	74	42	100	0
31	99	1	59	0	2	62	0	100	47	76	100	20	83	12	28	0
26	92	0	49	10	4	61	0	100	31	95	76	50	100	4	83	0
11	85	0	46	12	5	53	0	88	25	100	68	73	100	34	92	0
29	100	0	66	11	24	52	0	98	14	100	55	61	83	11	85	0
39	94	0	31	42	0	100	43	95	100	30	69	49	53	30	28	0
47	100	0	75	5	29	50	0	100	18	100	63	59	96	4	88	0
50	91	16	70	0	30	29	0	76	24	100	62	89	100	36	85	0
11	100	0	68	22	14	66	0	100	35	78	88	34	100	13	51	0
10	80	12	37	38	0	90	4	100	44	72	82	24	100	0	62	0
25	84	0	62	8	17	52	0	92	26	100	69	66	100	20	88	0
43	100	9	64	0	19	44	0	90	22	100	66	66	99	15	88	0
12	78	7	36	33	2	83	0	100	38	85	78	43	100	0	80	0
16	76	2	44	16	0	84	12	100	57	75	100	9	88	0	44	0
21	73	8	40	36	0	77	1	100	44	82	90	41	100	0	86	0
9	77	0	30	29	0	70	4	100	37	84	82	47	100	17	72	0
29	96	15	53	33	12	79	0	100	38	82	80	38	100	0	74	0
81	100	29	89	0	55	3	15	51	0	94	24	100	64	68	97	0
25	40	21	0	60	4	89	35	100	75	71	100	30	90	0	63	0
17	100	0	56	12	10	63	0	100	36	100	81	51	100	1	79	0
31	72	12	35	35	0	77	17	100	56	89	96	43	100	0	84	0
25	77	15	82	0	40	21	0	73	0	100	38	85	79	37	100	0
27	82	3	47	13	6	67	0	100	34	96	76	51	100	0	82	0
23	96	5	56	0	15	41	0	83	25	100	63	81	100	34	98	0
25	86	19	83	0	41	14	0	71	16	100	55	78	95	12	100	0
31	91	1	62	0	20	37	0	80	15	100	52	86	91	44	100	0
43	95	8	69	0	31	29	0	83	20	100	56	71	90	11	100	0
32	100	6	65	0	24	29	0	70	20	100	53	93	90	47	97	0
74	100	2	49	29	0	100	54	61	95	0	39	75	77	6	21	0
30	94	0	58	4	14	52	0	94	29	100	71	60	100	10	86	0
46	99	12	70	0	31	24	0	70	4	100	36	94	76	60	100	0
0	73	12	26	49	0	92	13	100	60	73	98	29	100	8	60	0
22	99	7	64	0	25	36	0	83	27	100	64	76	100	19	95	0
58	62	8	46	12	0	67	15	100	56	90	100	34	81	0	41	0
60	82	21	74	0	25	34	0	82	27	100	75	54	100	14	75	0
19	77	0	37	13	0	63	9	97	41	100	82	58	100	15	77	0
32	84	0	55	18	1	76	0	100	52	71	100	34	61	43	5	0
15	79	8	36	37	0	89	21	100	63	73	100	21	82	0	43	0
70	92	12	52	26	0	100	43	88	100	13	58	61	68	0	11	0
1	30	35	0	78	14	100	56	85	100	42	98	8	65	0	20	0
62	90	15	77	10	26	56	0	100	31	93	81	42	100	0	70	0
11	82	6	41	28	0	78	7	100	48	80	90	32	100	0	65	0
27	84	12	42	18	0	73	7	100	45	93	88	40	100	0	67	0
23	100	0	65	5	23	52	0	100	21	95	62	53	92	12	66	0
7	69	0	25	36	0	74	10	100	49	85	95	45	100	17	67	0
70	100	27	75	0	39	6	0	63	2	100	33	93	71	38	74	0
0	97	2	58	19	21	65	0	100	29	98	67	66	100	16	93	0
13	100	0	54	25	13	70	0	100	35	86	81	41	94	6	62	0
25	57	20	21	62	0	100	22	95	68	61	100	14	99	0	57	0
37	100	8	78	0	39	18	4	59	0	91	26	100	64	72	92	0
30	83	8	43	19	3	71	0	100	36	87	78	39	100	0	73	0
7	54	8	14	56	0	99	24	100	68	63	100	12	97	0	56	0
47	100	17	68	0	34	9	0	71	18	97	51	100	86	48	95	0
54	63	45	100	1	53	11	0	75	18	100	74	44	98	0	54	0
18	91	0	48	22	6	66	0	100	30	91	76	52	100	16	76	0
62	98	22	72	0	29	28	0	77	15	100	57	86	100	37	97	0
14	86	0	75	1	29	40	0	94	10	100	53	62	86	9	100	0
4	88	0	43	25	4	70	0	100	35	94	79	53	100	8	86	0
32	86	0	61	10	4	57	0	100	30	97	87	50	100	4	87	0
11	80	10	25	46	0	87	11	100	61	69	97	26	100	0	61	0
46	88	24	61	19	11	63	0	100	29	86	78	45	100	0	86	0
11	60	0	55	22	1	77	0	100	56	62	100	8	95	5	36	0
0	90	3	41	31	0	76	16	100	61	70	100	25	87	14	38	0
46	90	14	79	9	19	61	0	100	47	76	100	18	85	0	28	0
27	100	6	95	0	42	30	0	79	4	100	51	74	96	24	98	0
44	94	6	74	0	28	35	0	78	13	100	53	76	91	32	100	0
16	68	0	40	26	0	73	10	100	50	82	93	32	100	1	73	0
17	96	0	63	6	20	50	0	95	22	100	64	71	100	25	86	0
17	37	24	0	73	14	100	50	89	90	43	100	11	66	0	25	0
58	96	17	64	0	26	29	0	75	27	100	65	83	100	33	79	0
51	100	16	73	0	27	28	0	70	15	100	51	83	89	40	95	0
75	93	46	87	10	49	0	8	58	0	100	31	66	66	22	100	0
49	100	10	79	0	32	33	0	82	8	100	51	74	90	27	97	0
38	99	6	52	14	0	75	3	100	51	73	100	14	83	0	33	0
30	88	7	77	0	33	30	0	82	6	100	45	74	82	26	100	0
37	92	6	59	0	13	39	0	78	25	100	65	75	100	30	100	0
45	98	13	71	13	21	59	0	100	34	81	79	28	100	0	67	0
21	73	12	31	40	0	81	18	100	55	82	94	37	100	0	75	0
0	89	4	47	21	0	73	2	100	45	78	89	25	100	14	54	0
82	87	36	100	0	60	10	8	62	0	100	37	93	90	47	92	0
35	97	8	76	0	27	42	0	91	17	100	65	60	97	8	100	0
74	95	21	75	0	36	20	0	75	25	100	64	78	100	19	82	0
42	100	12	68	0	27	32	0	76	9	100	44	88	85	47	85	0
23	100	0	58	8	12	58	0	99	29	100	75	56	100	14	78	0
18	86	0	62	22	9	71	0	100	49	78	100	29	94	17	41	0
59	100	12	74	0	34	29	0	81	21	100	59	91	98	35	83	0
59	100	24	68	24	19	69	0	100	42	74	85	21	63	0	19	0
47	89	20	55	36	6	80	0	100	45	77	90	32	100	0	67	0
56	100	19	76	0	33	24	0	74	25	100	65	70	87	23	60	0
30	71	4	60	0	11	54	0	100	32	97	80	45	100	6	66	0
38	100	10	69	0	27	29	0	71	9	100	42	88	81	46	92	0
11	83	0	38	21	0	71	1	100	37	87	80	41	100	5	71	0
31	100	0	80	4	30	37	0	81	8	100	47	70	82	26	91	0
27	51	0	22	43	0	90	13	100	54	75	93	27	100	12	61	0
26	65	0	46	4	1	54	0	95	30	100	75	59	100	12	82	0
5	56	5	16	56	0	100	29	97	68	59	100	8	93	0	55	0
13	92	6	38	34	0	79	8	100	55	79	100	34	100	0	66	0
36	96	23	54	42	5	86	0	100	49	76	95	31	100	0	62	0
32	100	9	63	0	21	30	0	70	14	100	43	87	79	47	90	0
1	92	0	49	26	0	80	1	100	51	74	100	24	83	27	29	0
31	92	0	52	18	0	69	6	100	53	72	100	21	100	4	49	0
40	100	6	66	0	11	41	0	81	19	100	65	60	87	19	77	0
15	80	0	32	35	0	80	14	100	61	71	100	24	86	13	40	0
32	89	0	68	16	24	57	0	97	27	100	72	61	99	10	100	0
40	100	13	69	0	30	22	0	73	19	100	53	92	91	39	95	0
63	100	23	77	0	39	3	0	61	7	100	38	99	78	46	96	0
18	100	8	53	24	5	69	0	100	39	91	87	45	98	0	79	0
5	65	2	25	41	0	89	11	100	54	70	92	23	100	0	64	0
23	72	0	35	16	0	69	8	100	40	93	78	49	100	14	75	0
75	72	25	76	0	37	16	0	70	23	100	61	88	100	31	83	0
25	77	3	60	11	0	71	4	100	57	56	100	2	66	0	11	0
19	78	0	36	25	0	71	4	100	39	90	84	49	100	10	76	0
42	96	10	64	0	22	44	0	92	23	100	65	64	99	8	100	0
23	97	0	53	20	6	66	0	100	35	98	84	53	100	9	81	0
16	100	9	74	0	33	23	0	77	13	100	50	70	80	15	74	0
12	78	0	31	30	0	67	1	100	27	96	76	63	100	39	73	0
0	51	8	20	40	0	78	11	100	43	95	81	61	100	27	85	0
7	88	0	42	19	0	67	1	100	35	93	79	49	100	3	89	0
15	67	0	24	32	0	76	24	100	62	86	100	37	90	3	57	0
10	100	1	66	0	19	40	0	84	28	100	72	59	98	7	88	0
63	99	25	77	0	35	22	0	73	17	100	58	79	100	33	91	0
14	81	0	40	19	1	65	0	99	30	100	73	65	100	24	81	0
38	100	4	73	0	29	33	0	78	3	100	39	85	79	44	98	0
25	72	15	31	47	0	93	8	100	50	73	87	28	100	0	68	0
29	74	1	49	0	2	51	0	93	30	100	76	55	100	6	84	0
40	94	0	66	5	23	55	0	98	26	100	70	62	100	6	84	0
53	91	19	73	0	30	23	0	67	14	100	46	90	86	48	100	0
6	90	0	45	21	0	72	0	100	41	86	88	37	100	9	59	0
57	91	22	70	0	24	37	0	81	21	100	67	69	100	30	73	0
0	45	17	4	55	0	89	24	100	70	72	100	36	83	18	39	0
32	100	6	77	0	33	30	0	81	6	100	44	76	82	26	88	0
32	92	21	49	32	4	79	0	100	41	81	82	33	100	0	66	0
24	84	6	80	0	35	31	0	79	11	100	53	77	92	27	100	0
31	100	0	67	2	26	42	0	86	20	100	60	73	93	25	85	0
42	99	8	69	0	28	39	0	85	24	100	64	74	100	21	85	0
40	100	16	70	0	33	20	0	70	13	100	45	88	82	37	85	0
38	100	12	67	19	9	62	0	100	30	83	82	39	91	0	66	0
17	100	0	60	12	16	59	0	100	27	95	70	51	93	15	63	0
15	100	0	68	6	23	41	0	80	5	100	42	80	80	42	94	0
17	72	16	36	40	0	86	12	100	53	79	92	31	100	0	67	0
20	86	0	53	4	11	48	0	89	24	100	64	74	99	26	100	0
15	78	6	33	34	0	79	17	100	58	81	99	34	100	0	68	0
45	67	19	31	48	0	85	26	100	74	69	100	28	80	0	43	0
47	98	5	67	0	23	46	0	95	23	100	67	60	100	10	83	0
12	87	0	44	20	4	66	0	100	30	89	75	49	100	13	77	0
88	95	43	99	8	65	0	23	40	0	88	21	100	61	79	100	0
46	94	16	98	0	48	30	1	87	0	100	51	80	100	27	85	0
56	97	16	100	0	55	18	11	67	0	100	36	91	82	44	98	0
0	52	23	0	79	5	100	58	59	60	74	64	79	100	27	74	0
32	42	26	0	71	1	100	36	87	79	45	100	0	81	0	41	0
77	100	48	90	24	30	56	0	100	43	90	94	34	72	0	21	0
17	83	2	54	0	13	47	0	90	26	100	68	71	100	26	79	0
52	95	8	73	10	22	55	0	100	24	96	74	51	100	0	91	0
27	87	18	44	33	0	79	0	100	42	82	85	32	100	0	66	0
33	83	1	71	0	13	62	0	100	48	73	100	16	77	8	20	0
17	36	37	4	72	0	100	29	92	75	62	100	26	96	0	66	0
51	99	17	86	0	42	24	2	73	0	100	38	87	82	42	100	0
54	98	14	71	0	23	40	0	86	22	100	69	64	100	18	86	0
5	75	0	46	16	5	67	0	100	34	92	75	47	100	6	77	0
27	92	0	66	15	21	60	0	100	28	96	73	53	100	2	92	0
26	92	0	54	13	12	63	0	99	30	100	74	61	100	13	80	0
42	94	1	70	0	26	44	0	92	22	100	66	64	100	17	84	0
79	100	28	87	0	52	7	13	57	0	99	26	100	65	71	100	0
97	95	48	100	13	67	0	25	41	0	91	16	100	56	68	91	0
24	77	18	34	46	0	89	20	100	62	78	100	31	90	0	55	0
55	100	21	73	0	36	16	0	58	7	91	34	100	74	65	96	0
35	100	5	67	0	26	38	0	88	14	100	53	68	87	17	84	0
56	88	10	61	0	15	50	0	91	35	100	81	52	100	9	67	0
21	77	0	35	29	0	69	7	100	43	85	89	44	100	12	73	0
29	74	9	33	39	0	85	11	100	54	74	94	29	100	0	66	0
32	100	7	79	0	34	32	0	82	4	100	46	70	81	21	97	0
7	96	0	61	13	22	61	0	100	30	98	69	59	100	13	86	0
52	84	19	94	0	50	20	7	66	0	100	33	96	79	54	100	0
16	80	9	35	40	0	86	12	100	56	80	97	32	100	0	67	0
34	100	2	61	0	15	45	0	88	25	100	70	57	92	19	67	0
20	100	0	61	10	16	58	0	100	26	98	71	56	99	7	89	0
15	100	1	55	0	7	37	0	74	24	100	62	80	99	39	95	0
49	99	5	74	0	24	46	0	98	21	100	70	55	100	5	79	0
4	94	7	42	35	0	82	11	100	58	73	100	25	93	0	49	0
19	75	0	37	31	0	79	26	100	71	57	100	7	75	7	32	0
3	69	0	18	37	0	77	13	100	54	80	97	41	100	21	61	0
36	73	12	51	25	0	76	15	100	62	63	100	15	75	0	25	0
14	76	0	35	16	0	62	1	95	30	100	70	70	100	25	94	0
33	100	0	72	6	23	54	0	100	30	88	77	35	97	2	64	0
95	100	46	79	14	50	0	18	42	0	88	20	100	53	83	85	0
2	37	8	25	42	0	89	17	100	59	73	96	23	100	0	62	0
58	85	14	54	35	2	100	58	65	100	21	48	60	64	0	0	0
41	100	9	70	0	30	33	0	88	15	100	54	79	92	28	88	0
48	99	17	66	0	26	35	0	82	24	100	64	78	100	25	86	0
30	96	0	50	7	1	66	0	100	42	86	91	28	100	3	57	0
63	97	19	90	4	36	42	0	95	25	100	77	46	100	0	73	0
9	93	0	54	12	15	62	0	99	29	100	70	64	100	26	78	0
4	76	0	33	34	0	84	17	100	61	72	100	25	90	14	45	0
49	100	13	69	0	27	30	0	74	19	100	56	83	94	36	98	0
62	96	24	99	0	59	19	17	61	0	97	24	100	71	65	100	0
59	87	23	74	0	33	21	0	68	9	100	43	87	85	43	100	0
20	75	0	45	29	11	69	0	100	26	90	73	56	100	17	94	0
75	100	30	81	0	36	19	0	72	14	100	58	70	98	24	74	0
44	86	14	77	0	34	28	1	70	0	100	33	85	76	48	100	0
32	68	20	36	42	0	83	15	100	56	80	95	36	100	0	73	0
74	88	25	100	0	50	22	1	78	0	100	47	63	88	8	91	0
35	91	4	68	0	25	42	0	89	25	100	67	63	100	13	83	0
14	81	0	41	34	0	87	3	100	56	70	100	20	99	7	49	0
32	62	2	35	0	6	57	0	97	22	100	52	77	80	30	100	0
31	90	0	50	17	0	64	0	96	43	100	99	58	100	21	63	0
0	47	5	25	52	0	93	30	100	75	62	100	30	63	42	22	0
18	84	0	49	14	13	58	0	92	25	100	63	73	93	27	100	0
25	76	0	47	20	0	83	22	100	69	49	100	3	65	13	17	0
45	78	6	48	0	2	46	0	83	34	100	80	63	100	19	78	0
78	83	20	58	27	0	100	50	61	100	0	38	68	69	3	8	0
8	66	17	27	49	0	89	23	100	63	75	97	25	100	0	67	0
0	58	18	26	49	0	86	18	100	50	86	82	45	100	17	77	0
48	91	20	60	0	28	18	0	66	15	90	45	100	79	69	100	0
29	100	8	62	0	20	41	0	87	19	100	59	60	86	8	89	0
58	89	15	70	0	30	33	0	79	32	100	72	67	100	18	70	0
40	100	9	66	0	26	43	0	100	17	100	56	61	88	0	89	0
48	97	13	62	0	21	44	0	89	29	100	70	60	100	4	84	0
9	85	0	45	16	5	63	0	95	31	100	72	65	100	19	89	0
13	76	0	33	40	0	92	20	100	67	63	100	18	68	29	24	0
51	97	10	75	0	32	34	0	84	15	100	56	71	92	18	100	0
2	86	4	37	31	0	74	10	100	49	80	90	35	100	0	72	0
21	99	0	60	3	17	50	0	94	25	100	68	64	100	15	90	0
23	77	0	46	0	2	51	0	87	34	100	78	60	100	12	77	0
26	73	0	48	18	7	67	0	100	30	87	73	48	100	13	75	0
0	85	42	97	30	75	23	21	72	0	100	47	87	100	36	99	0
32	95	1	65	0	25	35	0	79	13	100	49	81	85	37	100	0
36	100	5	66	0	22	40	0	85	19	100	59	65	89	15	94	0
26	89	0	74	1	30	35	0	80	10	100	50	86	92	46	100	0
38	92	11	62	0	27	27	0	75	6	100	36	88	71	59	100	0
68	100	29	90	0	59	1	17	38	0	77	13	100	48	78	82	0
46	93	9	63	0	15	45	0	90	24	100	70	60	100	19	83	0
14	79	0	46	18	7	58	0	92	25	100	69	71	100	32	96	0
30	97	12	71	0	28	33	0	84	16	100	57	74	94	24	100	0
30	86	0	42	23	0	70	3	100	41	82	90	37	100	22	54	0
35	89	3	61	8	8	62	0	100	40	82	89	27	100	0	54	0
50	100	10	73	0	29	36	0	83	17	100	60	68	94	26	76	0
34	100	0	70	1	17	40	0	80	15	100	61	66	90	26	81	0
39	79	8	71	0	24	40	0	87	24	100	69	62	100	16	80	0
36	52	0	50	6	6	56	0	97	30	100	76	58	100	24	68	0
34	86	6	50	0	9	49	0	89	29	100	70	66	100	21	76	0
62	91	17	92	0	42	30	0	82	6	100	56	70	100	22	95	0
26	99	0	61	6	16	53	0	95	28	100	73	58	100	6	90	0
34	100	2	82	0	28	32	0	70	10	100	44	89	90	53	100	0
65	84	31	100	0	63	15	16	62	0	100	30	89	78	44	94	0
18	68	0	21	44	0	89	22	100	75	58	100	11	81	1	31	0
12	100	0	62	11	19	49	0	88	19	100	60	72	93	30	92	0
55	89	23	90	0	49	18	8	73	0	100	37	83	80	32	100	0
29	82	0	49	10	1	57	0	95	34	100	83	55	100	9	81	0
21	71	0	33	22	0	72	10	100	44	93	84	47	100	1	82	0
21	85	1	41	23	1	75	0	100	39	78	83	31	100	0	64	0
34	86	22	40	39	0	83	17	100	61	70	96	22	100	0	64	0
43	55	14	40	38	0	79	23	100	66	81	100	35	78	0	44	0
10	75	0	40	22	4	58	0	89	25	100	67	78	100	44	89	0
4	77	0	35	28	0	74	2	100	37	89	80	48	100	12	73	0
15	95	7	70	14	20	64	0	100	36	83	85	30	100	0	59	0
24	91	0	55	22	3	71	0	100	48	82	100	37	76	1	33	0
80	81	42	77	10	46	0	2	42	0	82	19	100	60	77	100	0
62	100	22	78	0	44	2	6	48	0	88	24	100	60	63	80	0
13	76	1	44	15	0	67	1	100	38	93	85	45	100	0	74	0
1	63	3	27	37	0	79	18	100	54	89	90	41	100	0	80	0
22	73	0	49	15	0	74	10	100	56	68	100	14	87	1	36	0
48	100	15	75	0	38	12	3	52	0	86	24	100	60	76	91	0
0	61	7	11	49	0	87	28	100	78	62	100	25	72	16	20	0
27	88	2	49	13	1	70	0	100	43	93	91	35	100	0	63	0
57	94	18	85	4	37	39	0	94	17	100	65	60	100	0	99	0
17	56	0	27	35	0	74	5	100	47	76	95	37	100	2	76	0
34	82	0	40	30	0	83	10	100	60	65	100	15	80	7	28	0
100	81	56	100	12	79	0	33	30	0	78	14	94	58	66	93	0
27	100	0	69	1	26	33	0	73	8	100	41	91	77	52	75	0
8	96	0	50	12	6	58	0	96	28	100	71	59	95	11	100	0
25	93	5	74	7	29	48	0	94	27	100	72	55	100	0	82	0
85	100	23	83	0	42	13	0	78	5	100	47	84	88	16	81	0
51	100	18	73	0	34	20	0	63	2	95	31	100	72	66	90	0
36	100	0	55	7	0	61	25	100	76	61	100	37	69	24	44	0
49	100	16	63	0	17	36	0	79	22	100	66	63	90	23	69	0
100	66	61	100	0	51	8	0	82	32	92	89	64	61	8	8	0
11	78	0	36	25	0	68	5	100	37	96	83	57	100	20	80	0
62	83	21	69	0	33	25	1	68	0	100	29	97	70	67	100	0
0	58	0	14	38	0	77	16	100	55	82	95	42	100	9	74	0
10	89	0	45	20	4	65	0	99	31	100	75	61	100	16	85	0
54	89	17	61	0	19	38	0	81	21	100	63	77	100	32	89	0
16	100	0	68	20	26	53	0	92	11	100	54	72	86	33	96	0
37	100	11	72	0	33	26	0	74	7	100	42	81	79	36	99	0
48	100	12	64	0	20	43	0	91	25	100	69	62	98	13	76	0
66	100	30	87	8	56	0	21	31	0	75	17	100	47	89	79	0
44	94	6	65	0	18	46	0	92	22	100	66	64	100	21	88	0
20	71	6	34	44	0	95	19	100	62	69	100	15	92	0	51	0
34	100	24	100	0	53	8	4	59	0	100	34	69	68	14	69	0
32	85	0	51	2	7	51	0	93	23	100	67	67	100	23	84	0
49	91	14	65	0	31	18	0	81	6	100	38	86	72	49	100	0
28	83	5	52	0	17	35	0	78	10	100	40	89	73	60	100	0
78	100	29	88	0	52	2	10	55	0	100	26	98	67	51	77	0
43	100	15	71	0	35	13	0	71	20	100	54	100	91	39	97	0
37	100	1	66	9	10	58	0	100	31	97	85	48	99	0	81	0
49	83	11	70	0	24	39	0	89	20	100	62	69	100	35	79	0
59	100	19	92	0	49	15	5	60	0	97	28	100	74	61	96	0
16	69	8	28	43	0	87	23	100	64	75	100	25	94	0	57	0
5	73	0	27	38	0	81	12	100	58	78	100	31	99	10	57	0
40	90	0	69	1	24	45	0	88	27	100	71	61	100	15	76	0
61	100	18	82	0	41	15	0	72	8	100	47	100	90	50	82	0
17	98	0	47	31	3	84	0	100	50	71	98	23	100	3	52	0
86	100	34	98	0	62	9	22	57	0	100	25	94	66	51	94	0
41	100	5	70	0	21	39	0	83	22	100	66	57	89	11	75	0
29	67	7	26	42	0	90	19	100	62	75	100	25	95	0	55	0
5	42	0	7	44	0	87	15	100	64	68	100	25	93	20	48	0
51	100	17	77	17	21	63	0	100	42	83	93	29	99	0	52	0
40	81	5	60	8	2	62	0	100	44	92	99	38	100	0	55	0
4	58	0	22	46	0	99	17	100	54	72	88	20	100	7	66	0
49	74	14	40	28	0	78	14	100	56	71	93	18	100	0	64	0
68	82	34	100	0	65	8	22	57	0	100	24	88	66	40	92	0
17	97	3	55	14	10	66	0	100	37	90	83	39	100	0	66	0
26	89	13	44	29	1	72	0	100	36	85	79	45	100	0	92	0
68	89	20	86	0	49	22	11	70	0	100	32	94	73	57	100	0
73	98	14	78	19	0	100	41	56	100	0	58	76	85	14	13	0
39	84	17	56	31	11	74	0	100	38	87	81	44	100	0	87	0
25	100	2	74	5	23	51	0	100	20	98	71	55	99	0	96	0
2	61	0	8	41	0	77	31	100	80	67	100	30	69	11	20	0
38	100	1	70	0	27	40	0	88	17	100	59	66	90	17	76	0
50	99	21	80	0	37	25	0	76	16	100	58	79	100	29	95	0
30	90	0	53	1	11	55	0	99	28	100	70	63	100	18	75	0
23	79	0	65	3	19	44	0	88	18	100	62	71	100	26	96	0
48	87	13	59	0	10	43	0	84	29	100	77	64	100	26	68	0
55	100	9	78	0	36	29	0	83	17	100	58	79	97	21	89	0
29	100	18	58	29	13	78	0	100	38	82	81	36	98	0	65	0
9	45	30	10	65	0	95	30	100	72	72	100	32	88	0	61	0
6	59	0	24	33	0	74	14	100	46	94	85	53	100	16	79	0
39	77	0	43	13	2	67	0	96	39	100	84	54	100	5	76	0
13	74	0	44	31	0	86	4	100	55	67	100	18	84	23	30	0
1	66	0	25	39	0	84	8	100	53	75	95	32	100	12	59	0
65	92	19	70	0	36	6	0	62	1	97	31	100	67	77	100	0
0	100	1	58	20	17	58	0	94	19	100	64	69	92	28	90	0
72	100	25	79	0	37	26	0	79	19	100	62	67	97	22	73	0
21	97	0	61	11	14	60	0	100	30	92	78	49	100	23	76	0
9	97	0	48	22	1	75	0	100	46	87	97	39	100	5	58	0
95	31	44	2	0	26	11	69	60	100	100	73	84	30	40	0	0
7	98	0	58	20	18	56	0	91	15	100	58	77	94	40	100	0
58	100	18	84	0	41	11	0	58	0	100	20	96	61	64	96	0
31	87	0	59	9	13	51	0	91	25	100	68	64	100	21	94	0
42	100	18	67	0	34	2	0	67	8	97	39	100	73	43	88	0
0	64	2	26	35	0	77	12	100	46	96	85	58	100	19	80	0
36	95	10	59	19	10	66	0	100	37	97	85	48	100	0	81	0
30	96	0	66	11	8	66	0	100	47	79	100	28	81	31	30	0
26	88	9	63	0	20	36	0	80	18	100	57	76	94	31	100	0
73	94	26	99	0	57	16	7	64	0	100	36	94	87	48	100	0
21	81	0	55	7	10	56	0	97	26	100	71	62	100	15	84	0
35	84	0	65	4	21	49	0	95	24	100	67	64	100	5	95	0
35	92	12	47	21	0	71	8	100	48	82	94	32	100	0	66	0
26	86	20	43	37	0	87	12	100	56	74	95	22	100	0	60	0
32	100	0	58	5	7	60	0	100	38	85	85	27	86	5	42	0
72	97	23	80	0	37	22	0	76	18	100	61	79	100	24	93	0
43	75	0	60	11	13	60	0	100	28	85	76	41	100	1	73	0
16	68	0	37	28	0	80	23	100	67	69	100	16	78	3	35	0
25	90	0	48	13	0	79	13	100	61	60	100	3	73	10	29	0
39	93	0	64	4	15	46	0	86	27	100	73	62	100	18	86	0
21	78	0	49	26	15	58	0	90	5	100	52	76	89	44	100	0
59	79	40	99	0	62	1	14	59	0	100	35	80	80	21	100	0
97	82	59	100	18	69	0	22	42	0	93	15	100	60	57	89	0
0	94	9	35	42	7	78	0	100	41	73	85	37	100	8	70	0
36	97	0	59	9	14	61	0	99	34	100	81	53	100	5	73	0
31	100	2	66	0	27	34	0	78	20	100	58	83	95	33	98	0
32	74	8	39	27	0	73	11	100	48	82	89	37	100	0	74	0
29	100	0	61	8	14	59	0	100	33	97	80	48	91	18	53	0
52	100	21	67	29	14	72	0	100	40	80	88	35	97	0	65	0
32	83	12	92	5	41	38	0	100	28	98	76	36	100	0	60	0
26	100	3	75	0	35	25	3	70	0	100	29	86	66	48	88	0
19	78	0	40	9	0	64	6	99	38	100	80	54	100	2	86	0
50	100	9	73	0	34	24	0	78	19	100	55	77	89	21	78	0
8	72	0	36	26	0	74	3	100	40	85	83	43	100	14	66	0
44	100	15	65	0	20	35	0	78	25	100	65	65	95	21	75	0
26	64	22	30	55	0	97	23	100	64	74	100	23	91	0	54	0
58	100	17	83	0	41	18	0	75	5	100	45	89	87	34	88	0
32	100	12	93	0	46	22	4	72	0	100	38	85	82	34	92	0
40	82	0	48	8	0	65	5	100	45	99	93	45	100	5	64	0
19	82	2	66	0	23	33	0	78	14	100	50	77	86	33	100	0
56	100	17	71	0	31	28	0	80	16	100	56	80	93	28	89	0
41	91	15	59	25	6	70	0	100	39	78	85	32	100	0	68	0
0	67	8	21	45	0	85	10	100	51	75	89	36	100	7	71	0
26	91	19	39	49	0	92	18	100	70	62	100	17	88	0	42	0
38	64	8	67	0	20	40	0	85	26	100	69	63	100	21	87	0
35	93	2	69	0	26	36	0	79	2	100	39	81	77	42	100	0
25	72	0	36	21	0	65	6	99	35	100	80	62	100	25	81	0
35	83	18	81	0	40	21	4	69	0	100	28	91	71	57	100	0
70	100	25	75	0	34	25	0	73	22	100	62	75	98	23	93	0
15	55	0	35	15	1	54	0	88	19	100	53	80	85	45	100	0
65	100	22	75	0	36	22	0	73	8	100	45	84	86	37	99	0
27	73	15	37	41	0	81	7	100	50	78	92	37	100	0	77	0
22	98	2	66	0	17	43	0	85	26	100	73	61	100	12	86	0
73	90	24	77	0	39	20	0	73	2	100	40	97	81	52	100	0
61	100	21	76	0	44	10	10	60	0	98	23	100	58	79	90	0
0	100	3	44	33	0	75	2	100	48	74	95	32	98	12	48	0
38	100	1	75	0	29	36	0	80	14	100	56	79	97	37	94	0
51	100	17	70	0	32	19	0	69	10	100	42	90	79	45	97	0
33	100	15	85	0	40	13	0	46	3	76	25	100	61	84	95	0
42	81	7	65	0	20	45	0	89	32	100	76	55	100	7	73	0
40	100	3	69	0	25	44	0	91	26	100	69	60	100	8	84	0
15	85	0	40	18	0	64	8	93	44	100	89	58	100	16	79	0
0	62	20	8	58	0	91	32	100	92	65	100	30	70	11	17	0
66	88	16	70	0	23	45	0	97	28	100	74	49	100	18	66	0
32	64	0	65	1	20	46	0	91	21	100	66	64	100	15	92	0
27	99	2	62	0	21	39	0	86	17	100	55	80	93	33	100	0
44	79	19	60	6	14	55	0	100	34	92	79	35	100	0	69	0
27	97	0	57	6	14	58	0	100	30	100	72	57	100	11	74	0
23	96	0	61	2	20	37	0	75	19	100	53	95	93	55	100	0
55	100	16	79	0	39	5	0	61	1	100	31	67	61	5	67	0
84	97	40	79	0	39	9	0	62	26	100	67	71	100	15	80	0
40	98	17	76	0	28	35	0	84	25	100	70	55	100	4	95	0
8	97	14	72	0	35	10	0	69	18	100	53	90	90	25	100	0
48	86	16	51	0	11	37	0	77	29	100	66	81	100	31	92	0
87	78	50	94	16	59	0	19	45	0	99	24	100	63	67	100	0
26	79	0	49	14	0	74	15	100	61	62	100	9	77	1	26	0
46	100	4	75	7	24	53	0	100	21	89	68	44	97	0	88	0
9	81	5	24	54	0	99	38	100	94	48	100	8	56	0	4	0
21	100	4	74	0	30	32	0	81	20	100	59	76	96	25	90	0
14	73	0	27	38	0	84	10	100	55	75	96	31	100	9	60	0
4	25	68	64	33	97	0	36	38	0	100	43	96	100	22	85	0
14	63	1	32	34	0	78	4	100	47	79	92	37	100	0	71	0
39	100	0	61	20	14	71	0	100	37	78	88	29	100	16	49	0
86	100	56	99	19	67	0	25	31	0	81	15	100	53	78	93	0
9	77	0	28	33	0	74	16	100	56	77	95	33	100	1	68	0
56	100	11	85	0	39	28	0	80	4	100	47	83	90	32	92	0
61	95	20	91	0	42	25	0	79	12	100	58	67	100	20	99	0
3	77	0	37	34	0	84	19	100	64	66	100	20	71	22	25	0
30	96	0	64	10	23	50	0	89	25	100	65	76	100	25	96	0
44	100	8	62	0	14	50	0	99	31	100	78	45	90	11	49	0
28	100	4	63	0	20	32	0	73	24	100	59	77	89	30	85	0
71	95	25	88	0	43	15	0	64	11	100	50	87	95	38	100	0
38	100	10	67	0	28	26	0	73	13	100	45	76	77	29	88	0
28	96	0	62	12	12	47	0	82	11	100	58	77	100	42	99	0
25	67	15	26	57	0	100	34	95	74	42	100	0	67	1	26	0
27	96	0	59	1	10	38	0	75	20	100	59	75	97	36	100	0
38	100	11	71	0	30	33	0	82	5	100	43	76	79	28	88	0
7	48	16	2	69	0	100	38	94	84	44	100	4	67	0	22	0
15	89	0	54	19	0	74	7	100	57	64	100	12	85	7	32	0
30	100	0	60	1	16	49	0	93	28	100	72	56	99	1	90	0
70	100	21	78	0	40	11	0	65	6	94	43	100	82	45	88	0
21	100	0	69	1	32	29	0	82	16	100	52	79	86	20	82	0
73	100	22	62	0	0	65	14	100	73	42	82	51	65	41	37	0
59	86	26	92	0	49	21	5	68	0	100	35	82	81	39	100	0
26	64	0	28	26	0	72	24	100	60	97	99	45	100	7	71	0
5	91	0	52	14	13	61	0	97	30	100	70	66	100	14	98	0
80	100	28	96	0	20	52	0	100	65	61	94	57	68	32	30	0
85	84	39	95	0	57	10	9	62	0	100	38	92	88	43	100	0
13	83	0	61	4	15	54	0	98	28	100	73	55	100	16	71	0
8	100	0	57	22	9	72	0	100	43	78	94	32	95	7	48	0
42	96	17	70	0	30	24	0	69	11	100	44	92	84	49	100	0
66	98	55	70	98	68	100	100	57	92	33	62	16	31	0	0	0
20	75	32	25	66	0	100	8	98	59	68	90	32	100	0	78	0
20	81	0	39	22	0	68	5	100	37	89	83	47	100	14	68	0
31	100	12	65	0	26	28	0	71	22	100	55	93	92	44	89	0
46	100	11	69	0	24	35	0	81	14	100	53	62	80	17	72	0
36	82	0	68	4	21	48	0	92	24	100	70	61	100	23	76	0
97	100	41	81	14	13	71	23	100	85	77	85	47	53	0	0	0
11	70	0	31	32	0	89	9	100	47	78	84	27	100	2	66	0
30	89	0	64	22	22	63	0	100	24	90	68	51	97	5	100	0
61	100	16	78	0	39	15	0	72	10	100	48	96	88	44	83	0
19	90	4	44	24	0	75	12	100	55	82	99	30	100	0	60	0
24	95	3	55	28	15	74	0	100	35	84	80	41	100	0	78	0
34	84	9	64	0	25	41	0	88	27	100	67	68	100	12	85	0
13	100	0	43	25	0	67	0	100	34	95	87	55	100	15	92	0
0	63	7	30	36	0	73	10	100	49	86	93	49	100	18	71	0
25	93	0	55	22	0	76	5	100	59	61	100	15	67	11	7	0
43	91	9	59	0	14	43	0	85	22	100	67	68	100	21	97	0
93	77	51	100	3	77	0	32	39	0	90	20	100	63	54	84	0
26	67	0	38	29	0	81	20	100	66	64	100	17	74	26	28	0
5	87	5	30	41	0	83	9	100	58	70	100	29	95	0	51	0
8	87	0	41	21	0	70	16	100	55	97	100	45	97	9	63	0
4	58	19	15	66	0	100	33	99	78	57	100	15	71	0	29	0
9	67	16	23	52	0	91	21	100	65	74	100	30	97	0	65	0
23	73	0	38	19	0	60	1	93	29	100	74	67	100	32	79	0
50	100	20	60	32	13	84	0	100	45	79	90	25	98	0	56	0
52	100	0	36	36	0	100	52	40	73	15	45	65	60	5	2	0
56	100	17	72	0	29	34	0	79	20	100	60	74	96	31	83	0
48	98	16	69	0	32	29	0	84	22	100	60	86	98	24	100	0
87	95	28	76	0	37	18	0	77	23	100	64	74	100	23	75	0
16	78	0	38	31	0	74	13	100	59	71	100	28	91	11	39	0
25	79	5	36	32	0	75	19	100	60	81	100	35	94	0	62	0
9	100	0	59	7	18	39	0	75	7	100	34	99	74	69	95	0
70	100	2	50	15	1	100	36	70	79	36	56	67	51	0	0	0
51	75	45	31	71	0	100	24	96	71	66	100	30	91	0	63	0
6	91	0	43	25	0	78	9	100	53	82	98	32	100	13	55	0
18	84	15	44	39	4	83	0	100	43	83	84	37	100	0	71	0
0	82	8	35	42	0	88	21	100	66	67	100	22	80	15	35	0
19	91	0	60	10	17	55	0	94	26	100	70	67	100	23	81	0
53	100	21	79	0	39	9	0	73	11	100	49	75	87	9	92	0
100	66	48	75	12	43	0	5	47	0	89	25	86	64	61	100	0
32	91	11	68	0	23	42	0	85	27	100	71	66	100	20	75	0
31	100	0	64	1	16	43	0	83	25	100	71	65	98	20	84	0
13	71	0	35	19	0	67	8	100	38	96	78	55	100	14	82	0
33	89	19	50	35	8	78	0	100	38	85	80	45	100	0	88	0
64	93	25	56	0	9	37	0	78	35	100	81	61	100	18	70	0
23	100	0	65	7	21	44	0	89	16	100	56	72	91	28	96	0
51	86	45	100	9	51	13	0	69	22	100	71	54	95	0	68	0
50	98	10	61	0	10	49	0	95	27	100	76	52	100	2	86	0
31	89	0	55	14	12	64	0	100	29	94	72	53	100	3	91	0
28	92	12	44	35	0	83	11	100	57	72	100	25	95	0	52	0
0	59	3	18	39	0	78	18	100	54	90	92	49	100	17	75	0
51	100	10	75	0	33	31	0	82	6	100	44	75	82	28	90	0
53	87	14	80	7	29	50	0	100	26	99	76	49	100	0	77	0
34	100	0	77	11	25	56	0	100	17	99	69	52	83	34	45	0
54	96	23	63	0	30	15	0	74	19	99	51	100	87	47	100	0
12	95	0	53	8	12	60	0	99	31	100	73	56	100	7	78	0
21	74	4	74	2	19	63	0	100	49	71	100	10	73	0	20	0
24	100	0	61	4	17	57	0	100	32	96	75	43	94	11	57	0
60	100	13	73	0	34	28	0	81	21	100	60	83	97	28	81	0
28	97	20	71	0	26	28	0	74	21	100	63	73	100	24	96	0
41	90	0	68	9	9	57	0	100	30	91	84	45	100	5	73	0
12	67	14	25	50	0	93	17	100	57	72	91	28	100	0	67	0
16	67	0	27	33	0	77	21	100	60	91	100	40	99	0	73	0
1	76	0	42	16	0	65	2	100	35	95	79	50	100	3	84	0
37	100	10	69	0	28	35	0	84	18	100	58	79	96	27	99	0
13	57	3	18	40	0	81	28	100	66	81	100	31	85	0	54	0
7	72	1	38	31	0	82	11	100	56	76	99	26	100	0	58	0
12	54	21	11	62	0	99	23	100	68	71	100	27	100	0	67	0
22	95	0	53	14	5	70	0	100	41	91	89	41	100	10	59	0
70	96	20	74	0	34	28	0	80	23	100	63	82	100	26	80	0
27	86	0	50	13	2	70	0	100	44	91	94	41	100	13	56	0
15	76	5	33	34	0	89	9	100	50	79	91	29	100	0	64	0
69	100	21	76	0	36	25	0	76	21	100	60	78	97	26	80	0
52	85	10	62	0	20	41	0	87	22	100	62	70	96	20	100	0
23	74	29	26	66	0	100	27	99	74	64	100	26	73	0	33	0
2	58	0	22	48	0	100	24	100	71	53	100	6	76	22	31	0
22	89	0	46	9	0	46	0	79	24	100	67	75	100	39	97	0
0	61	14	18	63	0	100	33	89	80	45	100	14	62	18	16	0
2	100	0	55	15	16	53	0	89	18	100	59	74	91	36	79	0
49	94	10	70	0	33	25	0	82	9	100	44	91	81	42	100	0
43	95	12	85	0	40	29	4	75	0	100	37	79	78	38	100	0
14	73	0	51	9	12	54	0	92	27	100	67	74	100	27	95	0
51	88	14	74	0	27	35	0	85	24	100	69	61	100	15	76	0
77	100	31	84	0	44	1	0	60	5	100	40	83	81	32	72	0
34	100	0	76	0	35	32	1	85	0	100	38	85	77	36	84	0
34	93	7	61	0	25	34	0	81	12	100	46	98	83	62	100	0
31	100	0	78	7	28	51	0	96	14	100	64	58	89	29	55	0
3	77	2	39	39	0	90	20	100	71	53	100	0	78	10	43	0
51	99	28	60	40	9	79	0	100	44	81	90	40	100	0	87	0
17	94	0	57	16	10	64	0	100	32	98	80	55	100	14	73	0
0	37	17	0	66	1	100	31	96	71	59	100	12	98	9	59	0
0	71	1	21	47	0	93	10	100	59	66	95	19	100	10	59	0
31	93	0	56	9	10	61	0	100	32	95	79	50	100	10	68	0
14	61	12	21	48	0	85	24	100	63	83	99	36	100	0	75	0
96	43	63	0	1	7	0	57	38	100	100	94	81	45	36	7	0
49	100	0	30	39	0	100	59	49	79	19	44	85	80	23	21	0
36	98	8	67	0	21	40	0	85	29	100	72	59	100	15	75	0
8	87	0	43	10	0	61	3	95	38	100	81	53	100	1	83	0
20	67	0	27	36	0	84	17	100	60	77	100	31	85	10	44	0
15	100	0	58	9	14	47	0	84	16	100	57	77	92	38	95	0
19	86	9	55	13	16	60	0	96	33	100	72	57	100	0	82	0
79	86	27	68	0	35	11	0	70	5	100	37	84	71	43	100	0
10	73	0	38	26	0	75	12	100	52	89	95	39	100	3	67	0
40	88	23	45	39	0	85	3	100	49	79	93	32	100	0	67	0
59	100	17	69	0	31	32	0	86	22	100	61	78	97	16	96	0
72	91	21	75	13	30	53	0	100	24	100	69	55	100	0	88	0
42	100	8	77	0	32	30	0	72	7	100	42	81	80	40	81	0
21	83	0	65	0	28	35	0	84	17	100	53	84	88	30	100	0
3	88	0	51	16	10	64	0	98	34	100	76	56	100	5	85	0
24	100	5	57	0	13	41	0	84	25	100	65	57	86	7	87	0
37	90	5	60	12	15	60	0	98	32	100	76	55	100	0	90	0
13	99	0	59	10	17	62	0	100	30	87	72	41	100	0	75	0
50	100	5	73	0	22	49	0	100	33	98	82	41	99	8	57	0
33	96	6	60	0	18	39	0	79	20	100	59	93	100	50	99	0
0	75	14	31	47	0	89	10	100	54	76	93	35	100	13	62	0
7	59	0	25	35	0	76	0	100	35	80	76	44	100	5	88	0
95	100	33	81	0	42	2	0	68	5	100	45	97	86	36	73	0
12	62	0	58	7	11	59	0	100	29	92	76	47	100	8	69	0
26	89	0	50	8	0	69	13	100	58	73	100	20	74	13	25	0
16	90	0	57	13	12	62	0	100	30	90	76	45	100	3	77	0
45	100	23	55	27	4	73	0	100	45	85	93	30	95	0	53	0
68	92	22	71	0	27	36	0	84	22	100	66	67	100	17	83	0
20	62	15	17	58	0	99	20	100	65	69	100	23	98	0	60	0
41	100	11	70	0	26	33	0	76	17	100	55	88	97	43	91	0
22	62	16	24	47	0	89	14	100	52	76	86	34	100	0	78	0
15	100	0	56	13	12	51	0	88	22	100	67	73	100	34	98	0
42	87	3	64	0	16	55	0	100	34	88	80	29	100	4	65	0
26	68	0	32	32	0	77	1	100	41	79	87	36	100	6	65	0
60	100	19	81	0	44	14	7	62	0	97	27	100	66	62	86	0
26	66	13	37	32	0	80	5	100	42	82	81	38	100	0	76	0
53	100	15	69	0	29	30	0	78	22	100	60	68	90	11	83	0
81	100	22	84	0	41	18	0	82	18	100	60	61	96	13	69	0
100	100	53	77	20	40	13	0	65	15	94	51	56	78	0	78	0
59	100	12	74	0	32	31	0	84	21	100	60	69	96	16	86	0
96	100	52	84	18	49	0	13	46	0	95	28	100	66	52	95	0
17	69	0	27	42	0	92	13	100	58	63	95	11	100	0	62	0
18	95	6	63	16	11	65	0	100	40	84	90	31	100	0	57	0
93	95	40	98	9	62	0	21	47	0	100	22	99	63	69	100	0
46	92	11	51	20	0	84	16	100	66	51	100	0	64	8	15	0
20	73	0	43	22	0	73	12	100	54	94	100	43	96	11	58	0
5	70	8	20	49	0	93	18	100	65	67	100	20	97	0	57	0
66	98	24	78	0	35	24	0	74	20	100	61	79	100	29	92	0
31	70	0	84	16	37	52	0	100	19	99	66	60	100	6	94	0
35	100	9	71	0	26	41	0	93	11	100	53	63	87	11	100	0
17	89	0	49	2	7	51	0	91	26	100	66	67	98	18	100	0
25	100	9	78	0	34	29	0	81	6	100	47	77	85	24	96	0
49	100	20	81	0	44	17	8	71	0	100	31	85	69	41	94	0
52	100	16	70	0	35	3	0	66	10	100	41	98	77	51	93	0
25	94	0	52	12	7	64	0	100	36	90	80	40	100	0	71	0
29	50	0	15	40	0	83	22	100	65	70	100	24	95	15	50	0
32	87	12	69	0	30	31	0	82	8	100	46	76	81	29	100	0
32	89	14	91	0	44	15	1	62	0	100	28	85	73	45	100	0
17	74	20	40	39	0	84	5	100	46	83	86	35	100	0	71	0
40	100	12	76	0	33	30	0	82	1	100	39	75	78	30	100	0
22	99	0	50	25	3	76	0	100	47	83	100	34	99	10	52	0
30	100	3	68	0	25	36	0	81	10	100	48	66	75	21	63	0
38	100	20	61	26	20	65	0	100	27	92	67	48	85	0	79	0
15	70	20	32	54	0	96	24	100	66	68	100	16	92	0	52	0
48	100	0	43	39	0	100	52	54	87	18	48	74	78	19	19	0
68	96	20	84	0	42	17	0	74	1	100	40	88	84	36	100	0
26	93	0	54	16	2	62	0	100	34	85	86	40	100	6	65	0
25	88	8	68	0	27	39	0	87	15	100	56	73	89	20	100	0
17	100	0	65	8	23	53	0	100	22	96	63	56	94	8	80	0
18	95	0	56	2	13	41	0	79	24	100	62	84	99	40	100	0
23	76	0	42	17	4	68	0	100	32	99	72	62	100	12	90	0
15	95	0	55	2	15	48	0	92	28	100	68	63	100	6	98	0
20	100	0	58	14	15	59	0	98	27	100	73	64	100	24	76	0
41	100	25	50	47	4	86	0	100	48	74	91	35	100	0	76	0
10	97	0	46	20	0	70	12	100	55	87	100	37	86	10	43	0
60	100	18	97	0	49	23	3	75	0	100	45	82	91	32	89	0
35	77	6	50	3	8	58	0	100	29	94	70	52	100	0	84	0
23	95	0	60	3	21	42	0	84	16	100	53	74	85	30	100	0
2	61	5	79	0	33	38	0	91	20	100	65	63	100	17	74	0
39	96	4	61	0	18	49	0	96	26	100	70	61	100	5	88	0
6	78	0	37	19	0	76	3	100	40	99	80	51	100	7	73	0
16	74	0	28	37	0	81	23	100	68	65	100	18	88	0	45	0
38	87	11	47	18	2	66	0	100	35	91	80	45	100	0	83	0
25	92	30	43	50	1	88	0	100	45	78	87	39	100	0	87	0
21	69	0	48	19	7	61	0	94	30	100	74	67	100	29	83	0
16	92	11	30	51	0	94	0	100	57	63	98	20	100	0	43	0
30	95	0	62	13	20	57	0	100	21	99	64	63	95	15	100	0
23	93	1	59	16	19	64	0	100	29	94	72	52	100	0	90	0
65	72	24	45	21	0	69	8	100	47	90	93	42	100	0	75	0
24	77	0	46	22	8	70	0	100	32	90	74	51	100	5	90	0
40	100	5	67	0	28	40	0	94	18	100	57	58	84	3	67	0
44	100	14	65	0	25	29	0	72	17	100	51	87	89	42	86	0
50	100	15	65	1	23	46	0	97	27	100	69	54	100	0	84	0
19	91	0	52	10	10	63	0	99	32	100	75	56	100	7	80	0
56	100	19	76	0	37	13	0	66	9	100	41	94	80	44	84	0
23	90	0	47	16	0	74	12	100	57	76	100	20	79	2	33	0
42	67	16	27	49	0	93	19	100	66	64	98	19	100	0	59	0
11	23	44	0	87	15	100	50	83	84	41	100	0	80	2	46	0
26	83	18	45	40	0	89	6	100	54	71	94	21	100	0	57	0
33	100	0	78	1	36	30	0	82	6	100	46	80	85	28	96	0
3	95	0	47	13	2	60	0	98	28	100	74	62	100	18	92	0
28	63	25	25	51	0	85	27	100	69	72	99	30	100	0	71	0
20	77	0	44	25	0	77	9	100	54	76	100	26	100	8	53	0
4	70	0	27	34	0	70	1	100	34	90	86	55	100	20	83	0
91	100	42	86	0	11	52	0	100	70	39	77	76	71	21	7	0
47	85	18	62	5	20	47	0	100	24	99	66	59	98	0	100	0
75	100	26	84	0	42	13	0	69	7	100	46	84	89	33	85	0
40	99	0	74	1	20	44	0	88	24	100	76	60	100	21	70	0
67	100	19	90	0	47	14	4	69	0	100	38	91	82	46	99	0
18	59	9	22	51	0	96	21	100	63	72	100	22	93	0	55	0
18	90	11	43	34	0	87	20	100	67	57	100	10	73	0	24	0
17	63	6	20	51	0	95	28	100	72	55	100	0	91	0	52	0
4	55	60	77	100	100	80	92	56	70	40	46	32	23	0	0	1
0	0	54	27	80	57	100	89	95	100	85	68	80	36	78	4	1
33	67	50	79	100	100	96	86	71	65	42	43	21	22	0	0	1
0	5	53	33	90	65	100	98	83	100	73	67	73	33	77	0	1
0	68	48	81	86	100	100	97	87	73	81	49	80	24	71	0	1
43	100	22	60	38	63	31	64	41	19	0	0	45	2	100	7	1
0	57	14	73	54	90	100	100	100	74	80	47	55	22	49	0	1
0	71	35	74	75	94	100	100	89	73	77	46	72	18	57	0	1
100	100	54	92	39	76	29	61	18	46	7	30	4	15	0	0	1
0	52	28	69	58	84	89	100	100	95	83	65	68	33	64	0	1
0	61	36	72	74	91	100	100	95	73	87	46	77	19	68	0	1
0	48	42	71	64	100	56	56	54	13	33	0	42	3	100	3	1
0	62	48	80	89	100	96	78	100	55	96	33	96	10	85	0	1
8	69	58	95	62	100	54	61	44	23	0	0	29	3	100	8	1
34	79	69	100	60	75	41	26	13	0	0	8	50	7	100	5	1
0	53	40	68	75	91	100	100	94	72	88	45	87	17	87	0	1
0	53	35	76	78	98	100	100	84	75	68	50	54	25	54	0	1
31	71	57	88	100	100	71	80	46	60	20	41	3	20	0	0	1
0	66	47	83	93	100	100	90	77	67	53	46	35	23	30	0	1
0	30	30	53	65	76	100	100	93	79	73	52	50	26	31	0	1
0	60	24	82	84	100	100	90	73	68	43	44	18	22	14	0	1
42	71	79	100	73	81	58	34	38	0	0	11	50	10	100	10	1
0	36	30	58	66	79	100	100	91	75	83	50	80	25	72	0	1
4	71	32	100	37	95	33	57	29	19	0	0	49	1	100	4	1
14	52	0	56	36	78	74	100	100	96	79	64	58	32	39	0	1
14	69	67	100	59	98	60	55	62	12	0	0	3	2	100	0	1
18	64	37	100	40	99	39	59	38	19	0	0	47	0	100	1	1
0	56	23	63	61	81	100	100	88	77	69	52	53	26	44	0	1
18	76	50	86	100	100	93	80	70	60	48	40	23	20	0	0	1
0	52	3	57	47	79	90	100	100	88	79	59	60	30	60	0	1
0	64	24	78	100	100	76	96	41	72	12	47	6	23	35	0	1
0	54	0	72	42	90	91	100	100	76	74	51	48	26	26	0	1
0	45	29	67	62	89	100	100	84	75	65	50	53	26	49	0	1
0	42	22	57	69	79	100	100	69	75	38	51	14	26	3	0	1
0	72	41	84	80	100	100	100	84	74	66	49	48	24	37	0	1
80	65	100	100	86	82	72	43	53	6	0	0	41	2	97	1	1
0	55	34	74	74	91	100	100	80	75	62	49	42	25	24	0	1
33	73	66	88	100	100	79	80	58	60	36	41	16	20	0	0	1
5	62	21	83	46	100	43	57	43	14	0	9	50	0	100	0	1
0	56	39	72	71	93	100	100	88	75	75	50	63	25	58	0	1
33	63	67	82	100	100	84	85	59	64	37	43	16	21	0	0	1
0	46	44	72	86	100	68	93	56	64	56	34	61	5	100	0	1
100	100	42	89	26	74	11	59	5	45	0	29	0	14	21	0	1
51	46	46	76	72	100	62	69	51	37	21	7	0	0	100	6	1
0	23	27	45	56	68	83	94	100	100	87	66	75	33	66	0	1
40	74	87	93	100	100	81	73	79	47	64	20	15	0	0	6	1
0	58	6	67	53	85	100	100	76	75	52	51	34	26	40	0	1
30	58	79	91	100	100	88	60	79	20	16	0	0	1	86	2	1
0	51	20	66	52	84	85	100	100	86	85	57	68	29	58	0	1
0	58	36	70	71	86	100	100	84	75	69	51	56	25	46	0	1
0	17	24	44	64	73	100	100	68	84	32	57	24	28	16	0	1
0	52	71	71	100	100	80	64	77	26	60	5	3	3	89	0	1
0	55	38	74	83	96	100	100	83	75	71	50	60	24	43	0	1
0	55	41	80	62	100	48	66	35	32	11	0	7	4	100	4	1
0	62	33	81	70	99	100	100	85	75	67	50	51	25	37	0	1
0	66	35	100	45	92	41	38	22	1	5	0	53	3	100	6	1
46	73	80	100	70	86	61	46	45	8	0	0	47	4	100	7	1
0	49	40	59	72	79	100	100	85	74	69	48	53	21	51	0	1
59	65	91	100	84	96	72	50	51	8	0	0	45	1	100	0	1
0	89	27	100	42	75	29	45	15	15	37	0	69	2	100	6	2
24	66	43	100	59	65	34	28	0	1	16	11	58	0	100	1	2
0	73	19	99	72	100	70	73	32	48	5	18	46	0	100	0	2
9	93	53	100	89	80	57	52	17	30	0	5	50	2	100	0	2
29	72	45	100	78	78	60	41	25	12	0	4	50	6	100	0	2
12	78	40	100	74	77	52	41	13	14	0	17	50	8	100	0	2
31	73	55	100	55	53	33	14	0	0	30	11	65	1	100	1	2
33	58	19	90	78	100	91	62	51	28	0	2	37	1	100	0	2
44	66	67	100	80	62	47	25	5	0	0	3	50	4	100	7	2
29	73	56	100	68	71	45	38	11	12	0	8	50	6	100	0	2
40	79	61	100	78	72	46	41	0	16	1	5	61	1	100	0	2
3	66	16	100	27	69	14	32	0	0	33	5	67	10	100	11	2
48	95	94	100	100	73	75	47	41	25	0	5	41	1	94	0	2
0	61	22	89	59	100	72	73	53	42	31	12	58	0	100	4	2
0	89	47	100	89	87	74	61	45	37	15	14	43	0	100	1	2
34	64	52	100	58	57	37	16	0	0	24	20	61	1	100	5	2
9	61	25	100	59	72	42	27	0	5	5	24	53	16	100	0	2
0	74	28	100	69	99	79	63	59	28	28	0	57	0	100	2	2
28	75	57	100	93	82	71	51	33	26	0	0	49	5	100	16	2
41	79	47	100	84	94	71	52	42	16	0	3	49	7	100	0	2
36	69	33	100	64	85	43	48	0	21	6	19	57	0	100	20	2
28	71	43	100	76	79	49	47	11	21	0	0	50	1	100	4	2
0	84	34	100	67	85	60	44	31	19	26	20	64	13	100	0	2
0	73	28	92	73	100	100	81	85	55	58	32	36	8	79	0	2
0	85	32	100	76	91	70	65	38	43	11	20	50	6	100	0	2
37	100	57	91	47	50	22	20	0	17	33	17	66	4	100	0	2
0	89	28	100	64	85	43	61	9	44	23	21	62	11	100	0	2
0	76	24	100	65	97	61	63	40	31	6	5	51	2	100	0	2
0	95	35	100	59	78	61	52	46	27	22	5	56	0	100	1	2
5	79	19	100	25	66	14	32	0	3	34	0	66	5	100	7	2
19	88	62	100	100	81	83	48	47	23	0	6	18	0	72	1	2
32	76	70	100	100	72	66	38	7	19	0	33	59	18	91	0	2
13	71	40	100	65	69	41	34	0	12	2	8	51	6	100	0	2
40	76	62	100	62	69	34	40	0	16	12	11	57	10	100	0	2
25	76	45	100	77	66	57	25	9	3	0	7	53	6	100	0	2
0	82	26	100	51	80	43	50	24	22	12	2	57	1	100	0	2
30	81	70	100	69	65	39	31	0	5	7	18	52	0	100	4	2
54	78	77	100	64	60	36	27	0	2	12	4	56	2	100	0	2
37	79	78	100	94	68	60	37	10	19	0	31	55	24	100	0	2
23	63	31	100	64	84	54	45	28	10	0	5	50	3	100	0	2
29	72	52	100	63	58	39	17	0	0	18	17	59	10	100	3	2
4	80	0	100	37	82	33	53	5	28	4	6	52	2	100	0	2
0	79	31	94	68	100	100	88	94	62	74	39	51	18	64	0	2
32	72	57	100	76	71	56	35	21	7	0	4	51	0	100	6	2
51	91	86	100	70	66	43	34	8	6	0	11	49	10	100	0	2
45	82	39	100	82	99	64	43	25	5	0	0	50	4	100	0	2
40	67	54	100	91	85	69	49	34	20	0	0	49	1	100	0	2
0	75	8	100	40	91	28	59	7	31	13	8	56	5	100	0	2
0	72	9	100	68	94	74	63	49	34	6	9	30	0	100	1	2
0	86	37	100	95	92	87	67	55	44	18	23	32	2	100	0	2
0	75	36	100	63	73	47	34	14	4	4	10	52	9	100	0	2
26	74	54	100	70	70	49	37	18	7	0	7	49	15	100	0	2
26	80	57	100	72	75	54	44	24	18	0	11	50	8	100	0	2
44	73	66	100	100	88	74	57	33	32	0	21	53	19	99	0	2
0	99	50	100	77	77	59	50	29	26	0	2	48	0	100	4	2
9	61	16	100	58	96	41	53	7	18	0	8	49	2	100	0	2
43	75	61	100	94	86	75	47	43	14	0	2	49	0	100	1	2
19	100	55	99	58	67	30	39	0	15	21	0	60	1	100	0	2
33	64	36	100	59	71	44	34	0	18	32	26	71	0	100	22	2
8	80	40	100	61	67	38	31	0	12	21	27	61	10	100	0	2
20	70	29	100	63	82	53	46	29	14	0	0	50	3	100	4	2
24	88	59	100	100	91	89	64	61	42	28	22	0	0	47	2	2
35	76	57	100	100	92	68	66	81	38	82	9	32	0	0	17	3
50	84	66	100	75	75	51	51	100	42	97	13	49	0	0	7	3
30	86	67	100	77	77	53	50	78	40	100	17	56	0	0	5	3
0	83	29	100	88	95	64	69	73	43	100	13	50	1	10	0	3
5	90	46	98	89	100	100	81	77	59	62	34	37	14	0	0	3
47	86	73	100	89	75	68	49	100	28	82	4	38	0	0	13	3
11	92	56	100	83	82	52	59	87	39	100	14	55	0	0	0	3
20	82	62	100	100	81	68	54	82	50	89	19	42	0	0	13	3
0	84	50	100	72	79	37	52	51	41	100	27	62	3	3	0	3
26	79	69	100	92	85	56	56	90	42	100	15	51	0	0	2	3
8	77	47	100	100	96	71	66	100	46	99	13	46	0	0	13	3
20	85	62	100	71	72	45	52	98	47	100	17	53	0	0	0	3
38	94	90	100	94	79	59	57	68	33	100	12	54	0	0	1	3
52	91	72	100	87	70	57	43	100	45	90	15	43	0	0	12	3
2	78	46	99	100	100	77	76	94	38	94	0	41	3	0	28	3
37	84	69	100	96	87	55	61	88	38	100	9	51	0	0	3	3
21	75	40	100	85	94	67	63	100	43	95	11	47	0	0	13	3
46	83	87	100	100	79	75	54	90	36	100	13	49	0	0	12	3
19	73	54	91	100	100	99	78	86	52	78	26	43	8	0	0	3
36	90	86	100	87	73	47	49	92	44	100	16	53	0	0	1	3
44	80	80	100	100	85	72	59	92	38	93	14	49	3	0	0	3
46	96	80	100	81	76	77	60	100	36	75	12	36	0	0	6	3
52	80	84	100	100	75	58	53	91	48	89	10	44	0	0	16	3
0	82	40	100	80	80	43	53	54	45	100	25	63	0	3	4	3
34	79	66	100	83	72	52	51	100	49	91	13	43	0	0	14	3
33	80	23	100	87	96	97	68	79	44	100	16	44	0	0	22	3
23	76	52	100	100	98	79	71	63	50	82	19	49	0	0	7	3
39	81	72	100	100	77	71	51	95	43	95	16	50	0	0	1	3
11	84	52	100	100	96	83	66	72	50	87	16	45	0	0	11	3
13	78	45	100	97	87	69	58	76	47	100	15	49	0	0	19	3
33	78	66	100	91	86	64	60	100	42	82	10	41	0	0	7	3
5	85	50	100	79	77	54	50	85	44	100	22	56	2	0	0	3
22	83	62	100	92	78	51	53	55	37	100	17	55	0	0	7	3
0	83	37	100	81	90	65	61	100	45	97	15	54	0	14	7	3
40	84	61	100	87	83	53	60	96	47	100	23	55	5	0	0	3
17	82	56	100	100	90	64	66	85	40	94	12	48	3	0	0	3
18	78	53	100	90	81	43	57	90	55	100	22	52	0	0	16	3
35	98	76	100	80	72	67	54	100	34	77	9	35	0	0	7	3
0	83	11	100	56	93	53	67	66	42	100	20	73	1	16	0	3
22	75	47	100	74	82	47	53	84	44	100	17	54	0	0	9	3
12	86	62	100	92	86	54	64	81	46	100	22	62	0	0	5	3
44	83	70	100	93	77	59	50	93	44	100	16	53	0	0	3	3
12	76	47	100	100	98	97	72	52	54	74	30	52	5	0	0	3
12	82	41	100	84	84	54	51	88	43	100	10	50	0	0	6	3
49	86	50	100	100	96	81	66	82	40	87	9	38	0	0	22	3
26	89	64	100	81	82	73	61	100	37	81	11	41	0	0	5	3
42	79	67	100	78	79	71	60	100	39	85	10	41	0	0	14	3
15	90	57	100	82	85	60	62	100	47	86	23	44	8	0	0	3
15	72	47	100	88	89	52	60	75	35	100	7	50	0	0	11	3
22	77	34	100	90	99	65	67	72	56	100	28	58	2	0	0	3
0	90	46	100	100	98	87	76	56	56	74	34	56	12	8	0	3
52	96	84	100	100	79	73	58	84	35	90	11	47	0	0	5	3
19	74	43	100	70	80	53	53	100	42	98	12	50	0	0	4	3
45	79	57	100	100	93	86	66	70	44	87	20	46	6	0	0	3
10	86	51	100	84	78	53	48	85	40	100	14	52	0	0	0	3
29	89	84	100	80	73	36	50	94	38	100	9	41	0	0	17	3
62	77	76	100	95	83	56	58	95	52	100	21	55	2	0	0	3
19	81	53	100	68	79	49	52	95	38	100	9	50	0	0	7	3
9	86	53	100	96	81	64	55	93	48	100	18	51	0	0	11	3
0	84	39	100	79	78	39	55	67	48	100	21	62	0	15	10	3
20	82	35	100	73	87	42	60	72	49	100	26	57	4	0	0	3
26	100	11	80	0	46	69	33	100	52	88	66	55	33	20	0	4
78	100	33	80	0	57	69	56	100	68	70	75	43	38	16	0	4
76	100	52	60	0	27	58	27	100	55	98	85	95	42	90	0	4
15	100	4	72	0	38	48	31	100	38	96	64	81	32	63	0	4
72	100	19	78	26	62	100	66	81	89	53	68	33	33	0	0	4
63	100	41	72	0	46	4	39	58	32	100	52	86	37	77	0	4
19	100	0	76	29	53	98	58	100	83	87	68	84	34	86	0	4
50	100	63	96	30	65	0	36	13	8	85	22	100	30	80	0	4
34	100	28	92	0	55	46	37	100	38	80	76	65	40	54	0	4
41	100	0	82	18	50	81	39	100	58	68	65	37	33	13	0	4
93	100	60	90	0	55	82	50	100	78	90	86	80	41	71	0	4
25	100	0	66	14	33	76	29	100	47	74	82	48	42	29	0	4
0	100	6	81	7	48	97	48	100	84	74	71	55	36	39	0	4
54	95	22	100	0	61	86	62	100	75	57	100	48	49	47	0	4
34	100	21	73	0	44	79	40	97	62	100	54	86	22	79	0	4
16	100	8	83	0	52	40	40	88	55	100	57	75	29	60	0	4
53	100	30	82	0	61	2	39	79	40	100	44	84	21	100	0	4
9	100	4	86	0	62	4	37	54	25	100	42	79	24	84	0	4
66	100	39	86	11	64	36	45	100	57	66	45	32	23	0	0	4
62	100	15	83	3	62	0	40	79	34	100	43	79	22	88	0	4
25	100	45	97	24	63	0	29	43	14	91	37	89	34	100	0	4
93	100	24	77	9	56	100	53	96	80	74	73	39	36	0	0	4
0	100	3	84	5	60	16	37	60	35	80	45	80	21	100	0	4
85	100	67	82	32	50	0	30	51	35	100	39	82	35	55	0	4
16	100	0	63	40	37	100	37	87	83	73	95	71	47	68	0	4
19	100	0	78	23	50	100	55	84	79	64	68	60	34	57	0	4
42	100	19	74	0	47	7	20	62	17	100	39	84	28	82	0	4
68	100	28	85	4	63	0	38	51	34	100	42	88	25	91	0	4
34	100	18	68	0	35	35	29	100	29	81	60	65	32	75	0	4
84	100	51	69	10	33	0	14	83	11	100	47	76	42	71	0	4
74	100	50	65	0	37	3	36	74	39	100	61	70	39	51	0	4
26	100	11	78	0	51	16	28	59	36	100	51	85	26	69	0	4
18	100	0	80	11	56	53	45	99	57	100	47	85	24	78	0	4
23	100	3	69	0	38	58	26	100	45	97	60	76	30	60	0	4
71	100	47	87	21	60	0	33	24	12	97	26	100	26	76	0	4
3	100	6	83	0	51	34	29	100	29	74	50	54	32	47	0	4
65	100	44	76	15	53	0	28	64	19	100	42	82	25	65	0	4
42	100	0	79	24	56	91	58	100	83	75	61	60	31	49	0	4
34	100	24	84	0	51	28	36	93	35	100	66	91	32	84	0	4
78	100	32	74	0	43	74	36	100	56	88	64	60	32	38	0	4
14	100	9	91	0	49	57	40	100	41	88	86	65	45	53	0	4
30	100	17	87	0	52	38	28	99	34	100	71	85	36	78	0	4
43	100	25	88	0	58	23	34	93	53	100	53	75	24	68	0	4
37	100	8	68	0	32	48	25	100	30	96	64	95	36	82	0	4
24	100	9	84	0	60	41	43	100	53	76	47	72	23	80	0	4
8	100	0	83	15	51	99	53	100	80	90	68	85	34	81	0	4
25	100	11	86	0	60	51	57	100	71	92	51	72	26	57	0	4
41	100	36	64	0	30	45	34	96	46	87	77	89	38	100	0	4
67	100	44	80	18	50	0	35	65	34	100	48	91	32	89	0	4
50	100	36	64	0	32	30	26	100	31	87	66	68	35	55	0	4
9	100	1	82	0	48	66	46	100	77	81	58	59	23	48	0	4
31	100	17	75	0	44	2	15	60	20	100	43	80	31	80	0	4
0	100	7	77	10	45	66	34	100	57	96	63	79	31	75	0	4
0	100	3	84	1	63	7	43	52	38	55	35	62	14	100	0	4
33	100	21	70	0	37	29	27	83	35	100	62	88	35	80	0	4
56	100	6	76	0	55	78	62	100	84	68	57	44	29	32	0	4
12	100	0	70	64	68	100	87	82	90	67	60	54	30	50	0	4
32	100	23	90	0	46	57	28	100	35	75	80	46	45	22	0	4
62	100	29	92	0	69	11	45	89	47	100	44	54	23	32	0	4
100	100	72	99	36	78	34	54	79	47	64	13	19	0	0	2	5
12	77	20	62	78	40	50	0	1	17	0	64	23	98	100	100	5
10	86	34	66	68	34	34	0	4	26	0	69	34	95	100	100	5
40	99	51	66	79	26	39	0	0	27	8	77	46	100	100	94	5
29	91	14	57	66	39	30	0	0	19	3	72	39	97	100	100	5
30	87	16	55	68	41	52	0	0	16	15	63	41	100	100	98	5
1	88	0	54	59	31	36	0	11	28	4	68	28	97	100	100	5
41	96	17	76	50	37	31	0	0	34	1	86	49	98	100	100	5
30	81	87	100	100	98	37	86	46	54	99	32	59	2	0	0	5
37	91	84	100	100	96	52	87	32	57	74	38	41	1	0	0	5
16	90	9	61	50	35	23	0	5	35	0	81	48	97	100	100	5
21	88	0	57	88	58	88	18	15	0	8	42	12	83	100	100	5
18	88	2	54	40	25	2	0	0	30	20	70	45	100	100	93	5
43	94	15	66	52	38	20	0	5	35	0	83	42	100	100	98	5
7	100	0	56	51	37	39	0	9	15	5	62	42	92	100	96	5
45	93	0	60	75	69	89	29	19	0	15	43	26	93	100	100	5
14	94	4	63	43	36	36	0	10	27	0	72	47	92	100	100	5
30	98	16	60	53	28	46	0	13	29	0	68	27	95	100	100	5
45	85	93	100	100	98	48	88	7	62	48	48	48	18	0	0	5
26	74	19	49	64	21	20	0	1	25	0	64	45	87	100	100	5
14	100	1	54	51	47	36	0	0	14	6	71	42	93	100	97	5
24	100	14	55	72	52	54	0	8	2	0	58	35	95	100	99	5
100	96	71	100	42	79	49	56	91	51	82	16	42	0	0	1	5
100	100	64	98	26	85	36	63	76	58	75	24	42	1	0	0	5
2	80	36	50	54	12	9	0	0	41	5	78	49	95	100	100	5
47	91	37	63	65	27	21	0	9	40	0	91	49	100	100	91	5
12	73	29	62	66	32	29	0	5	29	0	71	38	96	100	100	5
39	80	21	60	35	19	12	0	0	31	16	72	51	98	100	100	5
38	92	15	72	42	44	25	0	0	8	8	61	40	93	100	100	5
27	92	22	53	58	28	18	0	0	32	13	85	50	98	100	100	5
100	97	56	100	22	83	18	50	53	47	68	22	37	0	0	6	5
93	91	40	100	15	79	23	36	72	53	100	21	57	0	0	6	5
100	100	63	94	20	73	13	44	70	47	89	19	46	0	0	7	5
29	88	23	57	73	40	51	0	0	13	12	58	42	94	100	100	5
54	85	100	100	99	98	49	86	23	60	63	34	50	1	0	0	5
100	100	55	98	26	81	40	67	78	55	74	25	43	1	0	0	5
100	97	66	100	30	88	24	55	54	59	61	27	38	0	0	1	5
43	100	98	96	77	97	37	70	60	53	100	20	47	0	0	14	5
43	99	8	68	73	74	62	25	0	0	7	49	20	96	100	100	5
0	69	10	54	67	37	47	0	14	13	17	54	34	92	100	100	5
21	100	12	66	64	49	52	0	10	16	0	72	43	94	100	94	5
21	85	8	46	61	47	39	0	0	13	11	66	35	98	100	100	5
0	89	10	55	51	30	48	0	18	23	20	66	49	94	100	100	5
100	81	83	96	26	100	0	88	16	54	69	40	87	6	34	0	5
100	97	50	100	12	88	6	48	37	47	78	25	50	0	0	2	5
33	100	0	66	28	40	55	12	1	0	10	46	44	84	100	92	5
58	85	100	100	87	94	52	72	59	43	85	27	47	2	0	0	5
32	95	100	100	55	95	0	71	7	45	73	33	78	7	11	0	5
66	94	100	100	81	96	50	81	47	50	54	19	26	0	0	12	5
35	96	100	100	44	93	0	73	27	60	85	46	76	17	21	0	5
41	82	77	98	100	100	59	90	28	69	54	42	39	13	0	0	5
44	89	100	100	91	93	35	79	33	55	73	29	54	0	0	11	5
8	92	58	64	100	30	73	0	12	22	0	61	3	97	90	100	5
29	97	31	70	61	42	50	0	0	20	17	60	41	98	100	100	5
0	87	9	47	80	54	80	7	24	0	2	50	25	91	100	100	5
100	95	68	100	34	98	19	61	53	61	61	20	31	2	0	0	5
14	86	0	58	58	63	77	21	27	0	14	55	36	93	100	100	5
34	100	9	68	61	65	67	24	0	0	3	45	20	92	100	99	5
100	94	54	96	9	100	0	60	43	52	72	24	41	0	13	8	5
27	90	0	77	64	52	72	11	8	0	7	41	29	84	100	100	5
21	90	3	52	77	55	62	5	0	0	6	52	14	100	100	100	5
12	83	8	54	56	31	22	0	4	24	0	63	37	94	100	100	5
17	89	0	55	65	58	69	11	11	0	10	60	31	100	100	96	5
31	79	55	49	70	14	32	0	14	38	0	71	49	86	100	100	5
77	95	33	100	0	64	0	20	50	0	100	21	57	35	19	3	6
100	100	57	87	26	58	14	26	43	0	87	13	45	28	0	10	6
100	100	68	89	36	70	12	46	4	18	33	0	40	9	0	13	6
95	100	39	87	4	53	0	15	61	0	100	31	38	31	21	0	6
82	85	100	100	49	68	0	36	20	0	94	3	53	27	35	8	6
73	100	47	86	18	58	0	29	8	0	77	4	100	29	29	29	6
100	100	54	97	14	67	0	32	28	0	91	4	84	35	15	47	6
78	100	41	82	14	52	0	19	42	0	100	12	91	38	29	38	6
100	100	60	82	33	58	14	31	11	3	50	0	46	19	0	8	6
86	100	32	92	1	55	0	16	60	0	100	31	31	34	7	1	6
99	100	56	76	21	50	0	21	38	0	100	8	77	30	14	26	6
100	100	50	81	16	54	5	25	34	0	89	14	70	41	0	49	6
100	100	82	90	51	62	26	32	12	0	56	6	46	26	0	12	6
100	100	66	85	39	61	16	34	10	3	45	0	36	22	0	12	6
100	100	53	81	16	56	0	25	33	0	89	3	72	19	19	9	6
93	100	42	82	12	55	0	25	33	0	100	4	75	24	13	12	6
82	100	40	81	6	52	0	18	51	0	100	16	58	35	8	20	6
100	100	55	91	21	65	0	34	17	3	66	0	69	25	19	25	6
100	100	51	81	16	56	3	27	24	0	79	3	58	29	0	38	6
86	100	47	81	14	55	0	27	22	0	88	0	100	26	34	28	6
58	100	21	85	0	52	3	17	51	0	100	17	60	35	12	19	6
25	90	42	100	15	63	0	26	42	0	100	3	80	28	59	6	6
100	100	45	85	12	55	0	20	45	0	94	20	59	45	3	31	6
100	95	87	100	49	76	17	47	0	14	40	0	66	25	19	25	6
62	94	39	100	7	69	0	34	33	3	100	1	70	19	13	0	6
100	100	63	81	44	55	39	28	42	1	68	0	49	25	0	27	6
100	99	60	100	34	78	14	53	0	27	6	0	37	9	6	27	6
85	100	38	80	13	48	11	14	58	0	100	22	58	43	0	42	6
84	100	72	98	38	66	18	31	44	0	100	14	64	39	0	27	6
79	100	51	85	26	51	15	13	62	0	100	21	49	31	0	15	6
100	100	49	93	21	62	0	32	12	0	88	8	93	34	16	22	6
100	100	46	80	11	53	0	23	39	0	100	12	73	33	7	25	6
83	100	41	98	7	63	0	23	47	0	100	18	58	39	11	15	6
100	100	58	86	27	66	7	43	0	18	34	0	72	14	43	29	6
100	100	83	85	63	60	44	34	32	6	50	0	36	21	0	15	6
100	100	48	80	13	53	0	23	36	0	94	15	64	30	10	11	6
83	100	50	85	18	52	10	14	59	0	100	24	51	36	0	18	6
100	100	62	84	35	57	19	24	40	0	72	18	37	31	0	14	6
100	100	43	84	12	58	0	31	17	5	91	0	98	15	21	11	6
61	94	57	100	15	68	0	32	28	0	100	7	65	34	33	14	6
96	100	51	75	19	48	0	19	41	0	100	17	81	43	8	42	6
27	100	8	73	0	45	11	17	51	0	100	3	82	20	37	9	6
77	100	29	80	0	53	2	21	45	0	100	6	68	29	14	27	6
49	100	25	78	0	40	10	2	76	0	100	30	40	39	24	11	6
100	100	55	78	21	52	0	22	27	0	79	14	53	27	1	10	6
100	100	53	77	18	50	0	19	42	0	97	16	68	40	11	35	6
100	100	59	90	36	62	19	33	10	3	42	0	42	27	0	37	6
100	97	69	100	34	69	13	33	31	0	90	4	55	24	0	10	6
85	100	49	87	12	57	0	22	45	0	100	15	78	47	18	59	6
100	100	64	86	28	57	3	24	29	0	80	15	50	34	0	18	6
50	100	17	78	0	46	5	15	54	0	100	17	68	32	26	10	6
100	100	69	83	36	62	11	38	0	12	39	0	70	18	26	26	6
91	100	56	91	19	62	0	30	22	0	100	5	99	33	19	44	6
100	88	77	100	43	80	17	54	6	24	24	0	40	22	0	26	6
98	100	40	87	9	55	0	21	47	0	100	22	39	31	7	4	6
96	98	44	100	5	72	0	36	38	8	100	6	61	21	11	0	6
62	100	20	96	0	60	9	22	59	0	100	25	48	35	5	8	6
99	100	67	85	22	58	1	27	36	0	100	18	77	47	0	59	6
93	100	53	77	25	49	8	19	44	0	100	11	59	18	0	10	6
81	100	32	82	6	55	0	27	23	0	100	0	97	25	16	18	6
0	94	45	100	100	93	85	47	73	0	44	3	29	31	92	35	7
4	97	81	100	100	67	66	33	30	0	0	9	0	36	82	35	7
0	100	10	90	56	91	100	92	69	71	40	48	17	21	12	0	7
28	65	41	100	63	64	55	21	31	0	0	33	50	45	100	58	7
8	99	48	100	75	68	66	25	63	0	100	25	51	37	0	41	7
0	97	56	100	93	74	92	36	74	0	100	21	88	42	30	43	7
0	93	34	100	59	75	45	36	22	0	19	31	53	46	100	50	7
0	100	73	94	95	71	74	36	62	0	41	5	24	30	100	35	7
0	80	58	100	100	81	62	44	26	5	30	0	8	35	75	34	7
0	100	40	97	100	83	92	53	77	23	59	0	24	25	100	33	7
0	86	22	100	58	82	38	40	16	0	5	44	51	56	100	63	7
0	96	47	100	71	70	67	35	58	0	100	1	74	17	19	18	7
0	91	44	100	58	77	48	39	47	0	25	19	53	39	100	47	7
0	100	50	93	100	93	91	64	74	31	54	0	18	23	66	29	7
0	90	42	99	94	100	96	63	84	22	68	0	47	27	100	25	7
9	91	71	100	91	68	68	34	41	0	0	15	15	32	100	34	7
0	95	41	97	100	100	80	67	62	23	48	0	17	38	76	42	7
25	100	76	95	75	63	58	29	54	0	100	24	61	43	0	54	7
0	80	23	100	94	83	100	50	68	19	34	0	32	34	89	50	7
0	95	52	100	59	75	50	37	54	0	19	5	43	27	100	37	7
0	83	21	100	62	93	57	46	51	0	29	10	56	21	100	28	7
0	95	43	100	66	65	61	25	47	0	11	32	41	44	100	55	7
0	100	67	100	73	69	40	35	13	0	0	23	16	47	100	51	7
0	84	51	100	90	74	77	36	57	0	37	25	32	41	100	49	7
0	75	34	100	65	66	57	10	29	0	13	41	57	51	100	62	7
0	80	35	100	99	82	100	45	61	12	20	0	18	34	92	31	7
1	91	51	100	100	86	62	49	33	9	15	0	0	36	75	33	7
0	100	45	95	100	89	87	48	62	9	38	0	29	37	87	40	7
0	81	42	99	92	100	100	68	78	32	60	0	47	38	89	40	7
0	77	23	100	67	73	64	36	41	0	6	24	33	44	100	45	7
0	90	28	96	86	100	100	97	71	75	55	49	44	23	42	0	7
0	73	28	100	68	87	69	44	63	1	45	0	54	23	100	32	7
0	78	23	100	62	79	68	40	59	0	31	18	49	39	100	44	7
2	93	0	97	50	98	100	100	72	78	47	53	31	26	27	0	7
0	92	20	100	68	94	49	46	24	0	14	16	44	48	100	56	7
0	89	44	100	92	93	100	61	93	29	82	0	38	18	71	32	7
14	89	52	100	64	61	38	21	4	0	0	39	50	46	100	44	7
0	82	42	100	77	82	62	41	47	0	15	26	50	36	100	30	7
0	98	35	100	83	99	100	92	63	75	39	51	30	24	37	0	7
0	93	33	100	74	83	84	43	79	1	59	0	51	24	100	29	7
0	100	63	98	67	66	57	32	39	0	13	19	35	36	100	36	7
0	90	43	100	90	99	85	58	78	11	55	0	53	25	100	32	7
0	87	40	100	100	98	89	60	78	21	62	0	25	31	61	45	7
39	94	47	100	47	61	26	23	3	0	0	39	50	50	100	63	7
10	100	0	99	51	100	95	89	100	67	91	44	76	22	69	0	7
3	94	0	100	76	100	100	92	64	70	39	46	26	21	33	0	7
0	83	40	100	74	78	69	39	63	0	60	7	48	34	100	34	7
0	95	69	100	99	71	82	35	63	0	40	18	26	47	100	50	7
0	93	49	100	100	95	99	60	79	25	58	0	44	36	90	40	7
0	84	50	100	100	86	70	44	49	0	21	8	20	28	84	30	7
0	93	64	100	100	82	78	51	52	20	27	0	1	29	63	32	7
0	95	49	100	100	98	85	63	50	31	13	0	13	27	60	29	7
0	100	63	100	79	71	61	36	47	0	21	5	36	29	100	31	7
25	92	71	100	75	62	57	25	30	0	0	32	47	39	100	40	7
0	96	41	100	61	68	47	31	31	0	12	36	46	48	100	47	7
0	91	47	100	100	81	88	44	60	10	37	0	24	32	96	40	7
40	93	0	99	50	100	100	99	82	88	64	60	55	30	55	0	7
0	74	33	91	92	100	100	77	71	40	52	0	37	34	69	44	7
0	84	31	100	43	60	39	16	27	0	14	27	57	30	100	33	7
0	78	29	100	94	86	70	48	42	11	32	0	25	36	100	40	7
41	94	22	69	90	42	100	3	20	0	0	37	47	73	40	100	8
73	83	27	87	22	41	0	0	8	36	55	68	100	100	42	85	8
56	95	42	62	38	17	0	0	27	38	64	69	100	100	53	94	8
89	76	40	100	9	61	100	29	91	0	0	25	64	63	91	100	8
76	93	28	69	100	75	34	100	38	41	0	0	72	12	21	52	8
5	76	29	100	100	81	55	39	0	0	61	3	15	44	21	83	8
77	99	0	73	100	100	12	84	6	48	12	0	99	39	16	51	8
32	66	87	42	73	0	0	7	37	43	100	72	92	100	30	76	8
53	64	100	88	52	100	29	66	60	27	30	0	0	24	46	53	8
82	96	63	62	100	25	45	0	18	32	77	65	97	100	0	98	8
53	79	0	92	19	58	80	27	57	0	26	34	80	68	100	100	8
66	72	27	100	0	75	45	39	63	0	11	24	50	61	100	87	8
56	91	12	77	65	37	74	0	0	18	50	59	100	99	24	100	8
8	67	47	100	100	83	72	42	32	5	80	0	45	35	0	69	8
56	63	71	100	1	81	48	42	76	0	0	13	27	56	100	86	8
81	100	49	81	76	38	50	0	0	17	58	51	100	91	30	98	8
77	100	11	67	100	72	43	99	36	32	0	0	84	2	30	46	8
66	82	2	100	0	67	57	37	62	0	6	22	32	60	100	84	8
100	78	43	100	2	72	51	35	46	0	0	24	50	58	76	90	8
59	77	0	77	49	38	93	0	10	6	38	45	100	79	52	100	8
100	87	70	100	50	66	69	28	35	0	0	17	44	46	92	72	8
0	86	35	67	98	33	81	0	24	22	74	60	100	100	15	99	8
53	97	0	72	66	38	95	0	29	15	71	55	100	98	15	100	8
0	45	53	36	62	0	7	6	52	38	100	70	71	100	11	84	8
90	52	79	100	0	99	19	50	66	4	16	0	34	51	100	86	8
84	72	65	100	16	73	51	36	65	0	0	5	37	39	100	61	8
11	100	17	71	73	37	100	0	9	11	27	48	92	79	0	95	8
100	100	43	78	80	39	76	0	0	10	39	46	86	82	10	97	8
33	90	57	56	91	20	9	0	0	33	76	64	100	100	4	96	8
38	42	96	71	100	100	32	77	43	38	62	0	0	5	49	39	8
66	48	100	82	52	100	39	64	79	29	43	0	0	26	59	56	8
1	67	44	100	100	75	64	36	17	0	100	18	42	52	0	88	8
39	100	69	58	95	10	14	0	17	42	100	66	91	100	0	100	8
0	83	18	50	63	16	23	0	3	35	50	68	100	100	13	95	8
96	90	2	68	78	32	85	0	15	26	72	67	100	100	0	71	8
88	95	60	69	74	18	10	0	0	35	67	59	100	100	36	100	8
89	79	23	71	70	30	36	0	0	26	72	63	100	100	2	76	8
59	100	6	57	100	72	26	86	64	46	0	0	91	10	35	34	8
64	75	43	100	40	60	100	28	81	0	0	6	38	44	72	75	8
56	100	39	68	70	27	29	0	0	33	62	60	100	90	30	95	8
0	72	59	43	90	7	27	0	20	37	67	70	100	100	22	86	8
72	97	64	54	69	0	0	13	28	50	100	73	96	100	19	90	8
15	62	56	100	100	88	74	43	41	0	88	8	65	50	0	60	8
0	69	49	35	63	0	1	6	41	41	100	72	99	100	19	76	8
69	70	61	100	2	84	23	41	48	0	0	23	43	59	100	84	8
45	71	63	100	20	78	44	39	51	0	0	11	40	40	100	52	8
59	100	10	71	99	78	31	96	0	45	41	0	100	35	23	61	8
68	82	38	65	74	27	34	0	0	33	53	66	100	100	16	95	8
32	68	0	100	38	71	100	37	75	0	13	18	35	59	90	95	8
75	75	38	100	12	64	88	31	89	0	0	20	29	62	100	96	8
85	96	38	77	100	40	68	0	0	20	51	59	98	100	32	86	8
23	78	51	100	100	78	70	40	40	0	78	2	37	37	0	74	8
42	100	20	71	100	84	20	97	0	48	14	0	73	24	8	58	8
78	96	9	75	100	66	82	100	17	54	0	0	81	18	24	61	8
72	72	51	100	4	75	44	38	52	0	0	17	41	53	100	81	8
57	89	0	100	1	68	43	34	30	0	1	31	41	65	100	86	8
20	77	61	100	100	80	48	46	9	7	68	0	25	39	0	82	8
84	90	0	91	51	56	98	19	36	0	43	40	100	75	62	100	8
42	99	55	61	71	24	18	0	0	30	64	61	100	94	9	100	8
10	81	61	100	100	76	64	38	35	0	83	10	51	48	0	76	8
39	85	18	100	20	67	67	76	83	71	100	29	61	0	0	13	9
82	70	31	56	0	81	51	100	100	84	87	51	54	21	12	0	9
83	73	74	100	4	82	0	59	74	73	100	54	65	21	2	0	9
100	82	65	100	38	78	73	63	85	54	82	18	44	0	0	3	9
66	76	78	49	100	88	50	100	70	66	86	45	60	0	0	6	9
38	94	0	77	73	53	100	100	24	92	70	70	94	60	82	0	9
0	98	22	65	100	89	17	100	18	74	85	70	58	30	1	0	9
22	99	32	74	100	93	15	100	42	83	100	69	55	33	0	0	9
84	91	42	100	36	70	83	87	94	51	100	6	50	0	0	6	9
54	93	100	90	38	70	63	100	100	63	96	21	35	0	0	34	9
80	100	24	98	28	70	92	91	94	86	100	50	70	18	0	0	9
42	76	74	43	100	76	42	100	66	72	100	38	71	1	0	0	9
89	71	35	68	20	90	80	100	100	73	82	45	48	20	0	0	9
100	78	70	100	38	76	83	75	86	59	83	27	58	0	0	11	9
16	93	35	70	100	86	26	100	46	86	86	72	52	32	0	0	9
56	84	0	66	75	70	86	100	14	84	100	73	65	37	45	0	9
0	97	28	78	100	95	16	100	1	81	80	64	53	25	11	0	9
100	91	63	100	42	58	83	69	97	94	70	45	37	0	0	1	9
100	90	60	100	18	84	70	88	89	71	66	44	37	18	0	0	9
71	100	22	89	48	69	51	80	75	47	100	16	57	0	0	7	9
100	85	58	100	10	97	28	76	77	73	54	53	21	28	0	0	9
98	86	69	100	34	75	76	68	90	50	100	16	53	2	0	0	9
100	100	38	98	49	62	97	86	98	77	97	36	70	2	0	0	9
100	100	56	88	64	67	91	96	93	60	79	24	43	0	0	11	9
45	77	89	66	96	100	46	88	90	72	100	35	62	3	0	0	9
86	86	44	64	0	69	39	95	95	100	100	65	73	31	57	0	9
33	100	0	71	86	75	38	96	38	73	100	71	62	32	6	0	9
72	70	100	100	25	94	0	63	72	74	92	57	66	23	9	0	9
100	91	58	100	32	75	77	87	77	76	52	43	28	10	0	0	9
80	100	35	97	45	76	98	80	100	53	95	19	53	0	0	5	9
83	61	96	97	50	100	54	66	100	62	92	21	49	0	0	3	9
84	100	44	91	59	76	100	87	89	62	70	37	38	17	0	0	9
100	93	51	100	21	60	75	61	94	95	91	46	56	6	0	0	9
100	89	41	100	0	77	59	71	84	87	57	57	30	29	7	0	9
92	72	36	59	1	82	54	100	100	82	80	48	40	19	0	0	9
100	88	54	76	12	80	46	100	79	84	53	54	20	28	0	0	9
100	69	70	100	0	95	20	71	87	84	87	48	71	8	11	0	9
99	69	86	100	32	91	62	70	100	66	98	27	57	0	0	1	9
0	95	25	72	100	84	30	100	23	81	100	66	78	30	33	0	9
100	63	39	53	0	66	36	93	82	100	89	67	88	33	91	0	9
0	0	36	14	65	34	89	57	100	83	73	100	37	89	68	73	9
93	96	72	100	70	76	100	99	92	71	80	42	47	17	0	0	9
70	90	27	73	1	100	57	90	84	57	100	21	66	0	0	8	9
100	76	55	100	6	70	70	68	80	82	93	38	71	0	0	12	9
100	79	52	100	0	78	25	50	83	68	99	77	83	38	62	0	9
98	64	52	70	12	89	68	100	100	76	86	45	48	20	0	0	9
88	63	87	100	7	94	0	59	73	76	100	77	85	39	80	0	9
100	92	55	100	33	70	77	69	78	66	83	21	46	0	0	9	9
85	76	67	68	16	78	59	100	100	85	79	53	41	26	0	0	9
100	89	49	73	0	65	41	93	94	100	78	64	45	33	23	0	9
71	64	100	79	63	100	0	85	29	61	100	66	94	33	95	0	9
39	96	57	59	100	94	34	100	61	66	78	66	71	15	0	0	9
81	73	73	100	0	85	27	60	100	76	99	64	94	31	86	0	9
90	76	42	69	40	100	81	90	93	54	100	16	55	0	0	10	9
90	79	30	61	4	89	55	100	80	63	100	26	74	0	0	8	9
41	100	58	66	100	98	34	92	68	70	75	52	69	1	0	0	9
85	64	85	100	39	81	71	56	98	71	100	30	64	0	0	2	9
